#Darcy flux: time=0.000000
1
DarcyVel
-1.0030e+01
-1.0030e+01
-1.0030e+01
-1.0030e+01
-1.0030e+01
-1.0025e+01
-1.0020e+01
-1.0020e+01
-1.0020e+01
-1.0020e+01
-1.0020e+01
-1.0020e+01
-1.0020e+01
-1.0020e+01
-1.0020e+01
-1.0020e+01
-1.0015e+01
-1.0010e+01
-1.0010e+01
-1.0010e+01
-1.0010e+01
-1.0010e+01
-1.0010e+01
-1.0010e+01
-1.0010e+01
-1.0010e+01
-1.0010e+01
-1.0005e+01
-1.0000e+01
-1.0000e+01
-1.0000e+01
-1.0000e+01
-1.0000e+01
-1.0000e+01
-1.0005e+01
-1.0010e+01
-1.0010e+01
-1.0010e+01
-1.0010e+01
-1.0010e+01
-1.0010e+01
-1.0010e+01
-1.0010e+01
-1.0010e+01
-1.0010e+01
-1.0010e+01
-1.0010e+01
-1.0010e+01
-1.0010e+01
-1.0010e+01
-1.0010e+01
-1.0010e+01
-1.0010e+01
-1.0010e+01
-1.0010e+01
-1.0010e+01
-1.0010e+01
-1.0010e+01
-1.0010e+01
-1.0010e+01
-1.0010e+01
-1.0010e+01
-1.0010e+01
-1.0010e+01
-1.0010e+01
-1.0010e+01
-1.0010e+01
-1.0010e+01
-1.0010e+01
-1.0010e+01
-1.0010e+01
-1.0010e+01
-1.0010e+01
-1.0010e+01
-1.0010e+01
-1.0010e+01
-1.0010e+01
-1.0010e+01
-1.0010e+01
-1.0010e+01
-1.0010e+01
-1.0010e+01
-1.0010e+01
-1.0010e+01
-1.0010e+01
-1.0010e+01
-1.0010e+01
-1.0010e+01
-1.0010e+01
-1.0010e+01
-1.0010e+01
-1.0010e+01
-1.0010e+01
-1.0010e+01
-1.0010e+01
-1.0010e+01
-1.0010e+01
-1.0010e+01
-1.0010e+01
-1.0010e+01
-1.0005e+01
