#Water content: time=0.000000
1
Theta
1.9730e-01
1.9730e-01
1.9730e-01
1.9730e-01
1.9730e-01
1.9730e-01
1.9730e-01
1.9730e-01
1.9730e-01
1.9730e-01
1.9730e-01
1.9730e-01
1.9730e-01
1.9725e-01
1.9720e-01
1.9720e-01
1.9720e-01
1.9720e-01
1.9720e-01
1.9720e-01
1.9720e-01
1.9720e-01
1.9720e-01
1.9720e-01
1.9720e-01
1.9720e-01
1.9720e-01
1.9720e-01
1.9720e-01
1.9720e-01
1.9720e-01
1.9720e-01
1.9720e-01
2.8775e-01
3.7915e-01
3.8000e-01
3.8000e-01
3.8000e-01
3.8000e-01
3.8000e-01
3.8000e-01
3.8000e-01
3.8000e-01
3.8000e-01
3.8000e-01
3.8000e-01
3.8000e-01
3.8000e-01
3.8000e-01
3.8000e-01
3.8000e-01
3.8000e-01
3.8000e-01
3.8000e-01
3.8000e-01
3.8000e-01
3.8000e-01
3.8000e-01
3.8000e-01
3.8000e-01
3.8000e-01
3.8000e-01
3.8000e-01
3.8000e-01
4.0500e-01
4.3000e-01
4.3000e-01
4.3000e-01
4.3000e-01
4.3000e-01
4.3000e-01
4.3000e-01
4.3000e-01
4.3000e-01
4.3000e-01
4.3000e-01
4.3000e-01
4.3000e-01
4.3000e-01
4.3000e-01
4.3000e-01
4.3000e-01
4.3000e-01
4.3000e-01
4.3000e-01
4.3000e-01
4.3000e-01
4.3000e-01
4.3000e-01
4.3000e-01
4.3000e-01
4.3000e-01
4.3000e-01
4.3000e-01
4.3000e-01
4.3000e-01
4.3000e-01
4.3000e-01
4.2925e-01
4.2480e-01
