#Darcy flux: time=1.000000
1
DarcyVelX
-2.0024e-04
-4.1963e-04
-1.2552e-05
-5.5763e-03
-6.5890e-03
-1.7780e-03
-5.8880e-03
-3.3261e-03
-8.3893e-03
-3.3024e-03
-3.3024e-03
-4.1860e-04
-1.1600e-03
-2.7362e-03
-5.8063e-03
-6.9223e-03
-7.7156e-03
-3.6544e-03
-8.2725e-03
-1.0808e-02
-4.7782e-03
-4.7782e-03
-4.9034e-04
-1.1894e-03
-5.6720e-03
-1.1487e-02
-4.2527e-03
-1.2149e-02
-7.5245e-03
-9.5590e-03
-1.0463e-02
-3.5638e-03
-3.5638e-03
4.1081e-04
-1.3574e-04
-9.9524e-03
-1.2521e-02
-8.7576e-03
-1.0130e-02
-2.8393e-02
-7.7589e-03
-4.3021e-05
5.7473e-04
5.7473e-04
1.2529e-03
-9.2226e-04
-1.2640e-02
-1.6211e-02
-1.1304e-02
-2.2108e-02
-3.4199e-02
-1.3438e-02
-1.6035e-02
2.7180e-03
2.7180e-03
-7.2705e-04
-4.0978e-03
-1.1650e-02
-2.4709e-02
-2.0447e-02
-2.9837e-02
-4.3255e-02
-1.1735e-01
-7.9962e-02
-1.1724e-02
-1.1724e-02
-6.3755e-03
-1.0122e-02
-1.4682e-02
-3.2464e-02
-4.9476e-02
-4.5108e-02
-3.7197e-02
-8.3779e-02
-3.4120e-02
-2.6207e-02
-2.6207e-02
-6.4780e-03
-1.0836e-02
-2.5349e-02
-5.3885e-02
-8.0462e-02
-1.1573e-01
-1.2898e-01
4.9747e-03
-2.7287e-02
-3.4088e-02
-3.4088e-02
-1.4673e-02
-1.4598e-02
-2.5807e-02
-5.7235e-02
-5.5802e-02
-1.6858e-02
-3.5129e-02
2.9722e-02
2.3206e-01
-4.7184e-02
-4.7184e-02
-7.7409e-03
-1.3799e-02
-2.6189e-02
-2.9258e-02
-5.6785e-02
-2.8487e-02
-1.1985e-02
2.8676e-02
-1.4342e-01
-7.4598e-02
-7.4598e-02
-6.5174e-05
-4.0650e-04
2.7654e-04
-2.1656e-03
-4.1888e-03
-8.2890e-03
-2.8725e-03
-2.5457e-03
-8.3456e-04
-1.4697e-03
-1.4697e-03
-2.4778e-04
-6.6244e-04
1.0021e-04
-6.4560e-03
-7.0519e-03
-8.5652e-03
-3.4470e-03
-4.5959e-05
-6.6204e-04
-4.9402e-03
-4.9402e-03
7.5644e-06
-2.2830e-03
-2.8953e-03
-9.4945e-03
-4.8905e-03
-4.3819e-03
-1.0611e-02
6.5416e-04
7.7633e-03
2.2544e-03
2.2544e-03
-1.8383e-04
-3.3606e-03
-3.8254e-03
-7.0216e-03
-1.0032e-02
-3.4008e-03
-1.0619e-02
-1.3102e-02
1.0768e-02
1.7986e-02
1.7986e-02
-1.7553e-03
-2.8488e-03
-4.6751e-03
-1.1264e-02
-1.4268e-02
-1.2654e-02
-3.5708e-02
-1.3034e-01
-1.7687e-02
5.5166e-04
5.5166e-04
-3.7249e-03
-4.1233e-03
-9.8748e-03
-1.9911e-02
-2.7251e-02
-1.5807e-02
-4.7195e-02
-1.2800e-01
-2.3803e-02
-1.7297e-02
-1.7297e-02
-3.1651e-03
-6.5379e-03
-1.1231e-02
-1.2791e-02
-3.6888e-02
-3.1928e-02
-9.2354e-02
-5.1293e-02
-4.9589e-02
-1.9993e-02
-1.9993e-02
-2.1415e-03
-4.6817e-03
-1.6300e-02
-2.1401e-02
-6.0944e-02
-3.0501e-01
-1.5136e-02
-4.6339e-02
-6.1181e-02
-3.3074e-02
-3.3074e-02
-2.0505e-03
-1.1596e-02
-2.4533e-02
-3.4320e-02
-1.5629e-01
-1.3159e-01
-1.0563e-05
-4.3070e-01
-3.3739e-02
-9.0808e-02
-9.0808e-02
-1.5486e-03
-1.1886e-02
-1.8826e-02
-3.7244e-02
-2.1120e-02
-4.0566e-02
-4.6121e-03
-7.8507e-04
-3.1716e-02
-4.6989e-01
-4.6989e-01
3.1524e-04
-4.5240e-04
-2.6632e-03
-1.6522e-03
-4.0797e-03
-1.7774e-03
-9.5946e-03
-2.3735e-03
2.4699e-03
3.3342e-03
3.3342e-03
-8.3861e-05
-6.3473e-04
-3.2148e-03
-2.1224e-03
-6.8036e-03
-6.7899e-03
-1.0441e-02
1.1684e-03
1.1133e-03
1.4344e-03
1.4344e-03
-1.6768e-03
-7.2181e-04
-3.2217e-03
-3.9640e-03
-1.2859e-02
-4.7011e-03
-8.0177e-03
6.7933e-03
1.7595e-03
6.0364e-04
6.0364e-04
-1.1414e-03
-1.5523e-03
-4.8455e-03
-7.6575e-03
-1.2355e-02
-5.7157e-03
-6.3726e-03
-7.7572e-03
-3.5015e-02
-1.2901e-03
-1.2901e-03
2.0751e-03
-6.4960e-03
-4.8873e-03
-2.3560e-03
-1.5768e-02
-1.1222e-02
-1.9228e-02
-6.7698e-02
-1.2107e-01
-1.6006e-02
-1.6006e-02
3.0550e-03
-5.8160e-03
-1.0981e-02
-1.1941e-02
-7.4585e-02
-2.2963e-02
-8.6805e-02
-1.1190e-01
-1.9371e-01
-2.6707e-02
-2.6707e-02
6.8958e-04
-4.9314e-03
-1.0218e-02
-2.1927e-02
-6.5399e-02
-7.3732e-02
-5.3839e-02
-5.4391e-02
-1.9559e-01
-1.0011e-02
-1.0011e-02
-2.9657e-03
-5.4311e-03
-1.1014e-02
-2.9067e-02
-5.8943e-02
-1.8110e-01
-7.6432e-02
-8.0760e-02
-5.5517e-02
-1.7159e-02
-1.7159e-02
-4.1088e-03
-1.5585e-03
-3.1110e-02
-6.9506e-02
-1.0333e-01
-5.8099e-02
-2.0583e-01
-3.9647e-02
-9.9241e-02
-9.6958e-03
-9.6958e-03
-1.0437e-02
-2.5273e-03
-1.8755e-02
-1.0349e-01
-3.8101e-02
-8.3167e-02
-3.4827e-02
1.8269e-02
-4.7132e-01
2.9242e-02
2.9242e-02
1.9845e-03
1.4432e-03
-4.1567e-03
-1.5702e-03
-4.1676e-03
1.3286e-03
1.0261e-03
-3.2604e-03
-1.1359e-02
-1.7772e-03
-1.7772e-03
5.2087e-04
1.3893e-03
-2.4341e-03
-5.5385e-03
-2.7389e-03
-3.2520e-04
-8.2097e-03
-5.9992e-03
-7.1569e-03
-5.0825e-03
-5.0825e-03
3.1859e-04
-1.7956e-04
-2.3063e-03
-4.8780e-03
-6.1064e-03
-8.7499e-03
-1.2934e-02
-2.1492e-02
-2.2226e-03
-4.9077e-03
-4.9077e-03
-2.3011e-04
-3.4493e-03
-7.2606e-05
-2.5811e-03
-1.3416e-02
-2.6065e-02
-2.2866e-02
-3.0660e-02
-8.4550e-03
-1.3232e-02
-1.3232e-02
1.5866e-04
-1.0073e-03
-5.2947e-04
-3.6538e-03
-1.3256e-02
-4.5463e-02
-1.4022e-02
-1.0858e-02
-1.7635e-02
-1.0046e-01
-1.0046e-01
7.1878e-04
1.9652e-03
-7.9239e-03
-7.8123e-03
-9.3055e-03
-6.5596e-02
-2.3205e-02
-2.1551e-02
-1.1575e-01
-1.4664e-01
-1.4664e-01
7.8942e-04
2.7502e-03
-1.8950e-02
-3.5364e-02
-3.6911e-02
-5.7157e-01
-5.3601e-02
-1.2974e-01
-2.9910e-02
-4.5360e-02
-4.5360e-02
-6.3292e-03
-1.8027e-02
-3.5324e-02
-2.2790e-02
-2.4218e-02
-3.6383e-02
-1.0080e-01
-1.1978e-01
-9.8326e-02
-1.5648e-01
-1.5648e-01
-1.6643e-02
-1.3288e-02
-1.6536e-02
-1.3581e-01
-4.3118e-02
-3.2020e-02
-2.1226e-01
-1.8588e-01
-5.9297e-01
1.6163e-02
1.6163e-02
-3.4666e-03
-4.5609e-02
-1.5617e-02
-4.5893e-02
-7.2728e-02
-5.0982e-02
-6.4612e-02
-7.1404e-02
2.5520e-02
1.1363e-01
1.1363e-01
-2.2336e-04
-1.2564e-03
-4.5601e-03
-4.2501e-04
-6.7754e-04
-1.0728e-02
-7.4762e-03
2.8074e-05
-1.3961e-04
-4.6711e-03
-4.6711e-03
4.2061e-03
4.0532e-04
-3.1631e-03
-2.1292e-03
8.5847e-05
-1.0904e-02
-1.1298e-02
-4.2211e-03
3.2840e-03
-5.9341e-03
-5.9341e-03
1.7395e-03
6.1105e-04
-2.0351e-03
-1.2612e-03
-3.4626e-03
-1.4319e-02
-1.3617e-02
-3.3662e-02
-3.0497e-03
-9.9263e-04
-9.9263e-04
6.9812e-04
-5.6420e-04
-2.5555e-03
4.6616e-04
-1.2906e-03
-2.1954e-02
-4.6414e-02
-1.3904e-02
-4.0096e-02
-1.7938e-03
-1.7938e-03
3.3725e-04
-2.8509e-03
-1.4613e-02
6.5770e-04
-1.0911e-02
-1.0368e-02
-6.8707e-02
-1.1329e-01
-8.9266e-03
-2.3927e-03
-2.3927e-03
-4.0545e-03
-8.3754e-03
-1.7341e-02
-6.3250e-03
-1.0083e-02
-1.2264e-02
-1.3531e-01
-2.5729e-02
-1.1501e-02
-2.2847e-02
-2.2847e-02
-6.4376e-03
-1.6418e-02
-5.8348e-03
-4.2018e-02
-1.4233e-02
-6.9895e-02
-4.9522e-02
-2.3519e-02
-3.5534e-02
-3.3213e-02
-3.3213e-02
-2.4822e-03
-8.7284e-03
-1.3345e-02
-2.2401e-02
-8.5897e-02
-1.1452e-02
-9.0049e-02
-2.9831e-03
-2.3396e-02
-8.8101e-01
-8.8101e-01
-4.1444e-03
-6.1009e-02
-4.5146e-02
-1.5075e-01
-1.3819e-01
-3.2750e-02
2.2618e-02
1.0117e-01
-1.8277e-02
-1.4114e-01
-1.4114e-01
-3.7551e-03
-2.3656e-02
-2.6902e-02
-3.6512e-02
-1.8497e-01
1.8567e-02
1.2041e-01
9.4492e-02
1.5474e-02
-5.1424e-02
-5.1424e-02
-3.5493e-03
-8.5708e-03
-9.6463e-03
-3.6088e-03
-1.7773e-03
-2.3272e-02
-1.2323e-02
-8.2057e-03
-2.6828e-03
-1.0509e-03
-1.0509e-03
-6.6671e-04
-2.1512e-03
-3.6451e-03
-4.6220e-03
-7.4495e-03
-9.8552e-03
-1.5348e-02
-2.7310e-02
9.4323e-04
2.7168e-03
2.7168e-03
8.0051e-04
-1.0358e-03
-3.8847e-03
-2.8760e-03
-4.0409e-03
-1.0973e-02
-1.9658e-02
-6.7258e-02
-1.6955e-03
2.7127e-03
2.7127e-03
-4.1492e-05
3.4432e-04
-3.2963e-03
-4.2011e-03
-5.0990e-03
-8.6702e-03
-1.7805e-02
-2.8264e-02
-8.8792e-03
-4.6548e-03
-4.6548e-03
-3.8784e-03
-3.7130e-04
-1.3176e-02
-1.6550e-02
-8.7999e-03
-1.3619e-02
-1.0541e-02
-2.5012e-02
-1.3335e-02
-6.0394e-03
-6.0394e-03
-2.7466e-03
-5.1228e-03
-6.8237e-03
-4.4108e-02
-1.3343e-02
-1.8244e-02
-7.5542e-03
-1.1982e-02
-5.2368e-01
4.0569e-02
4.0569e-02
-4.7129e-03
-1.4964e-02
-7.1812e-03
-1.3339e-02
-1.9590e-02
-4.9261e-02
3.7954e-03
-2.6934e-01
8.0547e-03
1.1328e-01
1.1328e-01
-4.0940e-03
-1.8468e-02
-8.7537e-03
-7.2176e-03
-1.9620e-02
-5.6772e-03
4.1800e-02
2.1211e-02
-8.9297e-03
2.9031e-02
2.9031e-02
-5.4128e-03
-5.6457e-03
-1.0526e-02
-1.4503e-02
-5.1434e-02
-1.7088e-02
3.2775e-02
5.3326e-02
9.3584e-03
-7.8482e-03
-7.8482e-03
-9.1873e-03
-9.8416e-04
-1.7106e-01
-1.0354e-02
-4.3207e-01
-1.9507e-01
-1.3909e-01
1.9393e-02
5.1354e-03
-7.2393e-03
-7.2393e-03
-4.6002e-03
-3.4488e-03
-1.7851e-03
-1.2208e-02
-7.5441e-03
-1.3317e-02
-9.9821e-03
-6.9670e-03
-1.0077e-02
-3.6931e-03
-3.6931e-03
-8.0818e-03
-6.0263e-03
-2.6680e-03
-4.8657e-03
-8.4559e-03
-1.3751e-02
-1.0182e-02
-9.9451e-03
-1.4072e-02
-6.2841e-03
-6.2841e-03
-7.3983e-03
-7.2482e-03
-4.4984e-03
-5.7235e-03
-8.1579e-03
-1.3943e-02
-1.1538e-02
-4.0563e-02
-1.5137e-02
-4.7004e-03
-4.7004e-03
-7.1030e-03
-3.6570e-03
-5.4583e-03
-7.6423e-03
-1.0439e-02
-1.3196e-02
-1.3252e-02
-7.0833e-04
-2.0007e-01
3.6882e-03
3.6882e-03
-3.8355e-03
-4.2726e-03
-7.6417e-03
-9.5480e-03
-1.5581e-02
-1.6152e-02
-9.7518e-03
8.7882e-03
4.0223e-02
7.7751e-02
7.7751e-02
-3.0116e-03
-6.8370e-03
-1.0638e-02
-1.2453e-02
-1.5037e-02
-1.0315e-02
-9.1713e-04
4.7530e-02
7.2843e-02
2.3473e-02
2.3473e-02
-5.6400e-03
-8.3663e-03
-8.4859e-03
-1.3746e-02
-8.9588e-03
1.0357e-02
9.4324e-02
1.6141e-01
1.1899e-02
1.5223e-03
1.5223e-03
-6.6882e-03
-9.0969e-03
-1.0438e-01
-3.8199e-03
-9.5431e-03
7.7043e-02
1.1242e-01
8.1757e-02
2.2515e-02
1.7406e-02
1.7406e-02
-2.7931e-03
-7.8179e-03
-8.4567e-03
9.9579e-04
-1.9726e-02
3.7982e-02
5.1537e-02
-1.0049e-01
4.9878e-02
1.0624e-01
1.0624e-01
-6.1355e-04
3.2856e-03
3.5090e-03
-1.8136e-02
8.7533e-03
-8.1794e-03
-2.6489e-02
-1.7921e-01
-1.0618e-02
1.4085e-01
1.4085e-01
-2.8371e-03
-1.1245e-02
-3.4545e-03
-4.4321e-03
-8.2626e-03
-9.9587e-03
-2.0219e-02
-1.0695e-02
-6.1132e-03
-2.2892e-03
-2.2892e-03
-3.6882e-03
-6.4045e-03
-6.1281e-03
-4.4518e-03
-7.9931e-03
-1.0402e-02
-7.7410e-03
-7.7617e-03
-6.7002e-03
-1.2165e-02
-1.2165e-02
-3.5034e-03
-6.7520e-03
-1.9184e-02
-5.9324e-03
-2.1668e-02
-7.2973e-03
-1.7623e-02
-5.1554e-03
-4.3494e-02
-5.0648e-02
-5.0648e-02
-2.9943e-03
-6.9932e-03
-7.5626e-03
-9.1172e-03
-1.3654e-02
-9.4261e-03
-2.8707e-04
3.6952e-02
2.3113e-02
-3.3842e-02
-3.3842e-02
-5.2833e-03
-1.5558e-02
-8.0378e-03
-1.1351e-02
-1.3109e-02
-7.0064e-03
4.0015e-03
6.7212e-02
5.9714e-02
1.1941e-03
1.1941e-03
-3.2283e-03
-7.7928e-03
-8.5695e-03
-6.4724e-02
-5.8236e-03
-5.0396e-03
1.3825e-02
3.8562e-02
4.2686e-02
-8.6288e-04
-8.6288e-04
-2.5338e-03
-7.7605e-03
-1.0325e-02
-6.2875e-03
-5.5501e-03
3.9331e-02
1.2630e-02
-1.6080e-02
-7.8673e-03
-1.6524e-02
-1.6524e-02
-1.9602e-03
-8.8807e-03
-1.8337e-02
-7.1435e-03
6.6677e-03
2.2259e-02
-1.5098e-02
-2.7795e-02
-2.0952e-02
-2.1899e-02
-2.1899e-02
1.2510e-03
-5.0789e-04
-4.2193e-03
-2.4088e-02
-3.0742e-03
-2.4499e-02
-3.4334e-02
-2.2799e-02
-8.1984e-03
-9.3928e-03
-9.3928e-03
7.5166e-03
9.3253e-03
-1.7076e-02
5.0086e-03
-1.0817e-02
-4.7254e-02
-2.1193e-02
-1.3494e-02
1.2425e-03
-5.7184e-03
-5.7184e-03
-3.6037e-03
-8.7960e-03
-7.4210e-03
-2.4247e-03
-1.8254e-03
-3.4266e-03
-1.4454e-02
-6.5777e-03
-8.5401e-03
3.2873e-04
3.2873e-04
-4.0593e-03
-4.7202e-03
-7.7855e-03
-6.2531e-03
-4.1679e-03
-4.0567e-03
-1.5131e-02
-4.8226e-03
-7.9979e-03
7.8799e-03
7.8799e-03
-3.8253e-03
-3.0626e-03
-4.4715e-03
-2.3100e-02
-7.0792e-03
-6.1604e-03
-2.6726e-03
-1.1282e-02
-7.4828e-03
7.0674e-04
7.0674e-04
-7.0608e-04
-2.8249e-03
-5.2356e-03
-1.1628e-02
-7.9571e-03
-1.6012e-02
8.1830e-04
-2.4879e-03
-8.5776e-03
-1.4852e-03
-1.4852e-03
-1.5999e-03
-4.1617e-03
-7.2448e-03
-9.1229e-03
-8.4025e-03
-1.8494e-02
2.8540e-03
1.9262e-03
-8.7665e-03
1.4415e-03
1.4415e-03
-4.5391e-03
-5.6823e-03
-6.8314e-03
-4.7665e-03
-2.5607e-02
-2.0509e-02
-2.0898e-02
-1.9713e-02
-5.5050e-03
-2.3035e-03
-2.3035e-03
-2.7593e-03
-3.4902e-03
-1.6742e-02
-1.0146e-02
-1.4390e-02
-2.8394e-02
-3.1841e-02
-2.6325e-02
-4.3491e-03
-6.0673e-04
-6.0673e-04
8.9843e-04
4.9463e-05
-1.9611e-02
-2.5209e-02
-1.6528e-02
-3.7725e-02
-3.0523e-02
-1.0640e-02
4.0413e-04
-2.4195e-04
-2.4195e-04
2.8063e-03
6.2654e-03
-4.8973e-03
-2.5169e-02
-4.4698e-02
-4.8003e-02
-2.4963e-02
7.2791e-05
7.8316e-03
-4.0086e-04
-4.0086e-04
1.8430e-02
1.3150e-02
-5.7065e-04
-1.2080e-02
-4.9919e-02
-6.0782e-02
-2.3829e-02
2.8055e-03
1.1090e-02
4.7144e-03
4.7144e-03
-5.6715e-03
-1.4566e-02
-1.6683e-02
3.0299e-03
2.5771e-03
-6.3194e-03
-1.1372e-02
2.1404e-04
1.4403e-02
8.3318e-04
8.3318e-04
-7.9549e-03
-6.6773e-03
-9.8283e-03
-1.0587e-02
1.1951e-03
-6.0075e-03
-1.2181e-02
-5.1714e-03
-1.0804e-02
-6.5619e-03
-6.5619e-03
-9.0344e-03
-7.6067e-03
-7.5767e-04
-8.8601e-03
-5.0641e-03
-9.4515e-03
-1.3710e-02
-3.0327e-02
-2.9262e-02
-2.7979e-02
-2.7979e-02
8.2178e-05
-6.4271e-04
-1.2002e-03
-1.2799e-02
-1.8042e-02
-4.7079e-03
-8.6717e-03
-5.3347e-02
-7.0470e-03
1.2549e-02
1.2549e-02
2.7163e-03
1.1755e-03
-3.6840e-03
-1.2545e-02
-1.1608e-02
-2.2377e-02
-2.2296e-02
-2.5957e-02
-5.9673e-03
2.3129e-02
2.3129e-02
-5.1883e-03
-1.0668e-02
-8.4694e-03
-1.5422e-02
-8.1404e-03
-5.1660e-02
-6.8612e-02
-4.4879e-02
9.8212e-03
1.7371e-02
1.7371e-02
-4.3588e-03
-1.8489e-02
-6.6416e-03
-3.2451e-02
-1.8914e-02
-2.6367e-02
-8.4603e-02
-3.4602e-02
3.5808e-02
5.0106e-02
5.0106e-02
2.1590e-03
-1.2250e-02
-6.8243e-03
-5.8464e-02
-6.5400e-02
-2.8538e-02
-3.4769e-02
2.0073e-02
7.5858e-03
-9.8900e-03
-9.8900e-03
5.2955e-03
-3.3558e-03
-8.2290e-03
-1.8995e-02
-9.7507e-02
-5.8627e-02
-8.3409e-03
7.3675e-03
7.1531e-03
-1.8358e-02
-1.8358e-02
-7.4685e-05
-4.2248e-03
-8.6330e-03
-1.1665e-02
-8.0120e-02
-8.6097e-02
-1.0394e-02
4.6176e-03
6.8915e-03
1.4007e-03
1.4007e-03
