#Darcy flux: time=1.000000
1
DarcyVelY
-1.8664e-04
-4.8126e-04
-2.1349e-03
-3.4350e-03
-2.9146e-03
-3.7100e-03
-2.9777e-03
-1.8825e-03
-8.0269e-03
-5.3597e-03
-5.1476e-04
-9.8224e-04
-2.6125e-03
-5.2932e-03
-5.9146e-03
-8.9671e-03
-1.5209e-02
-1.2192e-02
-1.2122e-02
-8.2230e-03
-1.7497e-03
-1.0454e-03
-2.1798e-03
-9.8945e-03
-9.6316e-03
-1.4220e-02
-1.2679e-02
-2.9489e-02
-2.7888e-02
-1.6559e-02
-6.5511e-03
-4.3905e-03
-5.7645e-03
-7.7219e-03
-1.2772e-02
-1.8512e-02
-4.1215e-02
-3.9978e-02
-3.7285e-02
-2.2321e-02
-4.7799e-03
-9.9292e-03
-1.3398e-02
-9.1189e-03
-9.9891e-03
-1.5944e-02
-1.6682e-02
-3.1060e-02
-9.5737e-02
-6.0784e-02
-8.7613e-04
-9.3177e-03
-1.2432e-02
-1.3054e-02
-1.8559e-02
-3.2942e-02
-5.3202e-02
-1.1762e-01
-1.0856e-01
-4.1093e-02
-7.0365e-03
-1.0554e-02
-1.7354e-02
-2.7571e-02
-5.5291e-02
-7.2398e-02
-4.9145e-02
-9.1401e-02
-2.7373e-02
-3.4628e-02
-5.2121e-03
-1.1331e-02
-2.5472e-02
-4.4125e-02
-8.4633e-02
-1.6871e-01
-1.4046e-01
-2.5969e-02
1.6400e-02
2.0647e-02
-8.2268e-03
-6.7775e-03
-1.0237e-02
-3.1774e-03
-2.3750e-05
-1.1155e-02
-1.2641e-02
1.5719e-02
1.0977e-01
-1.5352e-03
-3.2902e-03
-3.5142e-03
-4.7082e-04
5.1886e-03
2.2945e-02
4.0397e-03
1.6786e-03
1.9745e-02
4.2083e-01
-1.8277e-02
-3.2902e-03
-3.5142e-03
-4.7082e-04
5.1886e-03
2.2945e-02
4.0397e-03
1.6786e-03
1.9745e-02
4.2083e-01
-1.8277e-02
-7.6839e-05
-2.0932e-04
1.0238e-05
-2.7207e-04
-2.9008e-03
-5.1301e-03
-2.3920e-03
4.9783e-04
4.7895e-04
-2.2284e-03
7.6342e-05
-3.5794e-04
-9.5220e-04
-3.6132e-03
-6.5227e-03
-7.1900e-03
-6.0388e-03
-5.9486e-03
-3.8579e-03
-7.7831e-04
2.0681e-04
-6.0875e-04
-4.4395e-03
-7.7180e-03
-4.9421e-03
-5.1835e-03
-9.7711e-03
-1.1284e-02
-1.6888e-02
-9.2474e-03
-2.6915e-03
-3.0515e-03
-1.8382e-03
-4.5662e-03
-1.1705e-02
-9.6817e-03
-1.1753e-02
-3.1622e-02
-7.3375e-02
-6.2952e-02
-6.0385e-03
-7.3810e-03
-5.0724e-03
-6.5536e-03
-1.5246e-02
-2.5620e-02
-5.6492e-02
-1.8187e-01
-1.1152e-01
-3.2404e-02
-7.2028e-03
-8.9985e-03
-1.1212e-02
-1.1192e-02
-1.5812e-02
-1.9384e-02
-3.1976e-02
-1.0379e-01
-5.1989e-02
-6.7778e-02
-6.2868e-03
-9.4872e-03
-9.9238e-03
-7.3190e-03
-6.7245e-03
-1.6039e-02
-5.8414e-02
-2.3179e-02
-3.9500e-02
-5.2827e-02
-3.9755e-03
-5.1477e-03
-1.4700e-02
-2.4578e-02
-3.9455e-02
-2.7541e-01
-1.7427e-02
1.6238e-02
4.4104e-02
2.6456e-02
-1.6798e-03
-2.4397e-03
-8.9366e-03
-1.6809e-02
-8.3584e-02
-8.2702e-02
-3.7418e-02
-1.2654e+00
-2.7987e-03
2.5638e-02
-3.3576e-03
-2.6607e-03
1.1121e-03
6.1054e-03
1.4342e-03
-5.2016e-03
-1.4727e-02
-1.5877e-02
-3.8554e-02
-1.2348e-01
-3.3576e-03
-2.6607e-03
1.1121e-03
6.1054e-03
1.4342e-03
-5.2016e-03
-1.4727e-02
-1.5877e-02
-3.8554e-02
-1.2348e-01
-2.5134e-04
-3.3177e-04
-8.5724e-04
-7.3143e-04
-8.6713e-04
-2.3193e-03
-7.3372e-03
-3.6224e-03
-3.9998e-03
-4.0437e-03
3.4528e-04
-8.8686e-05
-4.2444e-04
-8.2692e-04
-4.5781e-03
-9.0138e-03
-7.8903e-03
-2.0598e-03
1.7540e-03
-1.0261e-03
7.5304e-04
-9.2642e-04
-3.1365e-04
-1.6221e-03
-6.4800e-03
-6.7798e-03
-1.0410e-02
-1.0639e-02
-1.9591e-02
-6.2487e-03
-4.1635e-03
-1.5651e-03
-8.1722e-03
-8.8814e-03
-5.3692e-03
-1.1179e-03
-9.2504e-04
-1.6131e-02
-7.3167e-02
-3.3774e-02
-3.4035e-03
-5.3598e-03
-3.7417e-03
-2.8081e-03
-1.2867e-02
-2.8916e-02
-3.5424e-02
-8.4447e-02
-1.5572e-01
-6.2630e-02
-4.6851e-03
-7.1664e-03
-7.3527e-03
-1.6038e-02
-7.0955e-02
-7.3196e-02
-1.4546e-01
-2.4204e-01
-2.5130e-01
-6.6143e-02
-2.1590e-03
-1.1699e-02
-6.9340e-03
-2.2236e-03
4.4236e-04
-2.7303e-02
-3.8106e-02
-7.8881e-02
-3.9445e-01
-7.9781e-02
-4.5281e-05
1.3699e-03
-7.5806e-03
-2.4235e-02
-1.9232e-02
-8.5538e-02
-1.9789e-02
-1.5281e-02
-1.5552e-02
-2.8598e-02
5.1774e-04
-6.0156e-04
5.0135e-03
-1.7412e-02
-6.8439e-02
-4.7965e-02
-2.1770e-01
6.0966e-03
5.8118e-02
2.8976e-02
3.4068e-03
-1.2520e-03
1.3109e-03
1.5715e-02
-1.2464e-02
-4.4949e-02
-4.6210e-02
-9.0135e-02
-2.3857e-01
9.6640e-02
3.4068e-03
-1.2520e-03
1.3109e-03
1.5715e-02
-1.2464e-02
-4.4949e-02
-4.6210e-02
-9.0135e-02
-2.3857e-01
9.6640e-02
-1.2926e-03
-1.6285e-03
1.6072e-04
-3.1256e-04
-1.2328e-03
1.5224e-03
-9.8925e-04
-5.0161e-03
-1.1208e-02
-3.6179e-03
2.0396e-03
5.4398e-04
-9.5107e-05
-3.7624e-04
-1.7159e-03
-1.5040e-03
-1.1577e-02
-2.2006e-02
-1.8815e-02
-1.8909e-02
2.2074e-03
1.1064e-03
-1.2068e-04
1.6560e-03
-1.7297e-04
-1.1898e-02
-1.7155e-02
-2.8247e-02
-1.4533e-02
-1.3649e-02
-2.4178e-03
-6.2003e-03
-3.5005e-03
-2.1541e-03
-5.1851e-03
-1.2306e-02
-3.7259e-02
-4.8521e-02
-1.9225e-02
-2.4895e-02
-8.7397e-03
-3.5346e-03
-6.1609e-03
-7.8837e-03
-1.3418e-02
-2.6469e-02
-1.3445e-02
-1.5430e-02
-2.9441e-02
-1.8629e-01
-1.8035e-03
-1.2076e-03
-4.6045e-03
-1.6861e-02
-1.0168e-02
-4.4328e-02
-2.9091e-02
-4.0061e-02
-2.0173e-01
-2.1201e-01
4.7182e-03
-1.4126e-03
-9.0994e-03
-3.6518e-02
-6.7932e-02
-4.9917e-01
-6.9884e-02
-3.9795e-01
-7.9998e-02
-6.8267e-02
-2.5843e-03
-2.5062e-02
-4.5422e-02
-1.6631e-02
-3.0466e-02
-3.4094e-02
-3.1026e-02
-8.9119e-02
-1.2430e-01
-1.6107e-01
-2.6337e-03
4.8930e-04
-3.6152e-03
-6.8911e-02
-3.8395e-02
-6.0905e-02
-1.4281e-01
7.7280e-02
8.3176e-01
1.4628e-01
5.6346e-04
1.3763e-02
3.1587e-03
1.2152e-03
-2.7716e-02
-4.9905e-02
-1.8092e-01
-3.0143e-02
1.8536e-01
2.4967e-01
5.6346e-04
1.3763e-02
3.1587e-03
1.2152e-03
-2.7716e-02
-4.9905e-02
-1.8092e-01
-3.0143e-02
1.8536e-01
2.4967e-01
4.5388e-04
1.6170e-03
1.6797e-03
7.1521e-04
5.6527e-04
4.2105e-03
-3.0629e-03
-6.6558e-03
-1.8367e-03
1.9257e-03
-5.0355e-03
-1.5485e-03
1.0551e-03
2.9587e-03
3.6566e-03
1.0420e-03
-2.5478e-03
-7.2356e-03
-1.1722e-02
-2.5124e-02
-2.0269e-03
-2.1284e-03
-3.3226e-03
-2.1408e-03
-1.5645e-03
-4.9067e-03
-2.5400e-03
-1.9279e-02
-1.4661e-02
-2.1057e-02
-1.2073e-03
-1.7635e-03
-3.5686e-03
-5.4062e-03
-4.2018e-03
-2.1602e-02
-3.0552e-02
-1.1742e-02
-5.4595e-02
-1.5893e-02
2.6899e-03
-1.1212e-03
-7.4246e-03
-6.8154e-03
-2.9041e-02
-1.3637e-02
-6.6063e-02
-1.3854e-01
-3.6610e-02
-2.9156e-02
9.3604e-04
-3.1998e-03
-3.9557e-03
-3.7370e-03
-1.2146e-02
-1.7400e-02
-1.0310e-01
-2.2492e-02
-1.6800e-02
-1.0376e-01
-1.4609e-02
-1.4950e-02
-8.3778e-03
-4.1297e-02
-1.2753e-02
-7.5527e-02
-9.2919e-03
-2.3806e-04
-4.0970e-03
-5.6990e-02
-7.5158e-03
-8.9933e-03
-1.3120e-02
-2.2601e-02
-1.5528e-01
-4.6792e-02
-2.4174e-01
-9.5975e-03
1.0275e-01
4.5678e-01
-7.4862e-03
-5.1162e-02
-8.9595e-02
-1.2414e-01
-1.6877e-01
-1.5498e-01
-2.1489e-02
2.5504e-03
7.5680e-02
1.0393e-01
-5.4828e-03
-2.1959e-04
-5.1279e-03
-1.4055e-02
-1.1979e-01
-8.6628e-02
-6.7156e-02
-4.0014e-02
-2.6967e-02
3.2527e-02
-5.4828e-03
-2.1959e-04
-5.1279e-03
-1.4055e-02
-1.1979e-01
-8.6628e-02
-6.7156e-02
-4.0014e-02
-2.6967e-02
3.2527e-02
-5.2351e-03
-1.8735e-03
-3.9811e-04
2.1971e-03
-1.2943e-04
-5.1201e-03
-2.6764e-03
-2.4252e-03
-2.2124e-03
8.2675e-05
-1.0370e-02
-1.9085e-03
-1.0932e-03
-4.3516e-03
-6.1561e-03
-4.1112e-03
-7.9812e-03
-3.4574e-02
-1.0648e-02
-7.4691e-03
-1.5640e-02
-6.4396e-03
-5.3953e-03
-4.6343e-03
-6.0101e-03
-7.1116e-03
-4.9514e-03
-5.0995e-02
-2.2705e-02
-2.6698e-02
-9.4880e-04
-2.5599e-03
-2.9344e-03
-4.9053e-03
-8.8116e-03
-1.1791e-02
-5.6037e-03
-1.3265e-03
-1.0496e-02
-1.1054e-02
1.5991e-03
-8.8132e-04
-8.5223e-03
-1.3749e-02
-1.0996e-02
-1.7950e-02
-2.1213e-02
-1.0734e-02
5.4501e-03
3.7976e-03
-3.4226e-03
-5.8943e-03
-9.3242e-03
-3.7916e-02
-1.8308e-02
-1.9357e-02
-2.1852e-02
-1.4185e-02
-2.2587e-01
1.9702e-01
-1.0442e-02
-1.7748e-02
-2.3911e-02
-1.8119e-02
-1.7120e-02
-5.5622e-02
-1.1224e-02
-3.6389e-02
3.9686e-01
5.6735e-01
-1.0759e-02
-7.7679e-03
-6.6518e-03
-1.2380e-02
-1.2003e-02
-1.4563e-03
-5.4692e-03
-4.6190e-04
2.0111e-02
2.3921e-02
-1.0945e-02
-8.2748e-03
7.9256e-03
1.4519e-03
1.1768e-02
3.1493e-02
-4.0164e-01
-8.5445e-02
-5.6486e-02
-4.4206e-01
-5.2620e-03
-1.3358e-02
-2.2735e-01
-9.4567e-03
-3.7128e-01
-1.8427e-01
-4.9109e-02
-1.4742e-02
-2.7363e-02
-1.6488e-02
-5.2620e-03
-1.3358e-02
-2.2735e-01
-9.4567e-03
-3.7128e-01
-1.8427e-01
-4.9109e-02
-1.4742e-02
-2.7363e-02
-1.6488e-02
2.8965e-04
-1.1994e-03
-2.9996e-03
-5.9844e-03
-2.1372e-03
-1.8939e-03
5.2985e-04
-8.1543e-04
-5.8933e-03
-8.9151e-03
-5.6540e-03
-4.8104e-03
-7.3318e-03
-7.6572e-03
-7.8128e-03
-8.9951e-03
-9.2673e-03
-7.3462e-03
-1.0233e-02
-1.2139e-02
-1.1926e-02
-4.0905e-03
-4.2991e-03
-7.3509e-03
-1.0462e-02
-9.5709e-03
-1.0767e-02
-5.4911e-02
-5.2610e-03
-5.6290e-03
-1.9002e-02
-6.4750e-03
-3.3390e-03
-4.9605e-03
-7.3967e-03
-1.1600e-02
-1.0572e-02
-8.8932e-03
-1.0551e-01
3.9305e-02
-3.7757e-03
-4.9733e-03
-9.3593e-03
-1.1728e-02
-1.1931e-02
-1.4881e-02
-1.0619e-02
8.6258e-04
2.6607e-01
2.9856e-01
-8.4984e-03
-9.0845e-03
-9.9738e-03
-1.5058e-02
-1.4832e-02
-6.7628e-03
1.6135e-02
3.0401e-02
1.2008e-01
1.7575e-01
-1.1054e-02
-1.4215e-02
-1.0997e-02
-1.2547e-02
-9.7514e-03
4.4743e-03
5.6451e-02
4.1117e-02
-8.9659e-03
-1.1135e-02
-5.9212e-03
-7.1946e-03
-1.1170e-01
-5.8766e-03
1.7298e-02
6.7165e-02
8.7112e-02
-6.6270e-02
-1.0276e-01
-7.1373e-02
-3.8332e-03
2.5957e-03
1.0278e-02
1.0048e-02
1.5462e-01
1.7862e-01
1.1975e-01
2.1546e-02
-6.8428e-02
-3.6043e-02
-2.1459e-03
-1.1671e-02
5.7459e-03
2.7472e-02
9.3062e-02
3.3399e-02
2.9433e-02
-2.6891e-03
-8.0484e-02
-2.1002e-01
-2.1459e-03
-1.1671e-02
5.7459e-03
2.7472e-02
9.3062e-02
3.3399e-02
2.9433e-02
-2.6891e-03
-8.0484e-02
-2.1002e-01
-3.8424e-04
-2.0031e-03
-2.2767e-03
-3.6059e-03
-3.0234e-03
-3.4638e-03
-9.6264e-03
-2.1371e-03
-1.5323e-03
-1.5684e-03
-1.4578e-03
-1.3258e-03
-3.6088e-03
-7.2930e-03
-6.5089e-03
-4.6936e-03
-2.0435e-03
-1.2517e-03
2.1126e-03
4.0513e-04
-3.7216e-03
-3.6335e-03
-8.3660e-03
-5.1622e-03
-2.1363e-02
-1.1312e-02
-2.3939e-02
-3.0129e-03
3.4306e-02
5.6076e-02
-5.4941e-03
-4.7416e-03
-4.1374e-03
-5.0233e-03
-7.6954e-03
-1.1103e-02
-7.7585e-03
-3.2841e-02
3.3504e-02
1.0744e-01
-1.9588e-02
-2.1208e-02
-9.0902e-03
-9.4572e-03
-9.9573e-03
-5.2602e-03
-1.0641e-02
-1.9300e-02
-2.2396e-02
-1.3607e-03
-7.9564e-03
-9.4801e-03
-1.2289e-02
-6.5125e-02
-4.8205e-03
6.6762e-03
5.3421e-02
2.4756e-02
-4.1097e-02
-4.7086e-02
-7.7280e-03
-5.5228e-03
-3.3454e-03
-2.1288e-03
1.4828e-03
3.2367e-02
3.5539e-02
2.0948e-02
-1.9024e-02
-4.4291e-02
-8.7406e-03
-2.0778e-02
-3.6529e-03
4.5704e-03
5.0317e-02
2.8922e-02
-1.5135e-02
-2.8029e-02
-2.0613e-02
-8.8975e-06
-6.5833e-03
-5.3143e-04
-9.5706e-03
-6.1135e-03
2.2175e-02
-1.3407e-02
-3.4827e-02
-2.9474e-02
-1.6851e-02
-6.3995e-03
-3.0201e-03
7.7848e-03
9.3646e-03
8.2420e-03
2.4387e-03
-3.4406e-02
-4.5315e-02
-2.4865e-02
-9.6330e-03
-6.6493e-03
-3.0201e-03
7.7848e-03
9.3646e-03
8.2420e-03
2.4387e-03
-3.4406e-02
-4.5315e-02
-2.4865e-02
-9.6330e-03
-6.6493e-03
-2.1599e-03
-3.7413e-04
-3.8276e-04
-4.4699e-03
-5.3114e-03
-4.7325e-03
-8.1342e-03
-2.5285e-03
-1.8766e-03
-4.4003e-04
-4.1984e-03
-3.5803e-03
4.9834e-04
2.1117e-04
-4.0109e-03
-6.4079e-03
-1.5970e-02
-3.2835e-03
2.3589e-03
9.8050e-03
-2.7436e-03
-2.2711e-03
-1.2329e-03
-5.7811e-03
-5.3124e-03
-4.6694e-03
-2.5410e-03
-2.0414e-03
4.4202e-03
6.3602e-03
-4.6198e-03
-2.5901e-03
-4.3044e-03
-4.8363e-03
-7.9973e-03
-2.2833e-02
-1.8883e-02
-1.2918e-02
-1.3105e-02
-1.4005e-02
-5.8686e-03
-7.8650e-03
-8.3078e-03
-6.5488e-03
-3.3601e-03
-1.2681e-02
-2.0403e-02
-3.9989e-02
-4.1392e-02
-3.9632e-02
-7.9449e-03
-1.0357e-02
-8.9083e-03
-6.4840e-03
-7.0840e-03
9.7594e-04
-1.3234e-02
-3.8761e-02
-3.9741e-02
-4.0732e-02
-8.4028e-03
-5.4836e-03
-1.2649e-02
-2.5415e-02
-2.5215e-02
-1.9563e-02
-2.5448e-02
-2.6025e-02
-2.1998e-02
-2.0475e-02
-6.2756e-03
-3.0179e-03
2.9346e-03
5.3383e-03
-2.0252e-02
-4.2100e-02
-4.1355e-02
-2.9848e-02
-1.8320e-02
-1.8071e-02
-1.9439e-03
-1.1701e-02
-4.9197e-03
8.9352e-03
2.4917e-03
-1.7918e-02
-2.0353e-02
-1.3058e-02
-1.0669e-02
-8.7207e-03
-1.0400e-02
2.2223e-04
2.1392e-03
-2.2883e-03
-2.3972e-03
-6.1494e-03
-9.0259e-03
-4.5861e-03
-4.4158e-03
-4.9029e-03
-1.0400e-02
2.2223e-04
2.1392e-03
-2.2883e-03
-2.3972e-03
-6.1494e-03
-9.0259e-03
-4.5861e-03
-4.4158e-03
-4.9029e-03
-2.9230e-03
1.8784e-03
1.3999e-03
-8.5852e-03
-8.8800e-03
-9.2465e-03
-7.8527e-03
-4.5464e-03
-1.5823e-02
-1.7119e-02
-7.6222e-03
-5.9038e-03
5.0633e-03
4.4900e-03
-1.0081e-02
-5.1266e-03
-6.6307e-03
-6.6890e-03
-3.0638e-02
-6.1640e-02
-1.6173e-03
-4.0982e-03
2.0206e-03
2.6597e-03
-1.5440e-03
-8.9261e-03
-7.0630e-03
-2.4736e-02
-4.9192e-02
-2.6827e-02
-6.9054e-03
7.6703e-04
6.2027e-04
-4.8113e-03
-2.1235e-02
-1.1109e-02
-5.1796e-03
3.0589e-03
-2.5506e-03
3.0855e-02
-9.6729e-03
-8.1139e-03
-8.4659e-03
-5.5942e-03
-3.7115e-03
-2.5375e-02
-7.2828e-02
-8.0320e-02
-6.0114e-02
-5.0259e-02
-8.0773e-04
-1.5811e-02
-2.4282e-02
-1.9987e-02
-7.2723e-03
-1.8510e-03
-3.2612e-02
-8.2194e-02
-6.5502e-02
-2.5497e-02
-7.1420e-03
-1.4286e-02
-9.2329e-03
-3.0553e-02
-8.0294e-02
-8.1975e-02
-3.9827e-02
5.8389e-03
2.3446e-02
-6.1708e-03
-2.4339e-02
-1.2402e-02
-9.0830e-03
1.1738e-04
-2.4640e-02
-6.9262e-02
-6.1865e-02
-2.8245e-02
-4.5658e-03
-3.8284e-02
-1.0051e-02
-1.0471e-02
-7.0200e-03
3.4265e-03
3.4008e-02
2.4789e-03
-6.6564e-03
-6.2436e-03
-2.5202e-02
-1.3633e-02
3.8365e-03
-1.9269e-03
-5.1220e-03
-3.1329e-03
4.3305e-03
8.3816e-04
-2.3297e-04
1.5743e-03
3.3029e-03
7.5709e-03
3.8365e-03
-1.9269e-03
-5.1220e-03
-3.1329e-03
4.3305e-03
8.3816e-04
-2.3297e-04
1.5743e-03
3.3029e-03
7.5709e-03
