#Darcy flux: time=1.000000
1
DarcyVelZ
-4.8261e-02
-4.8600e-02
-4.8703e-02
-5.3208e-02
-6.7798e-02
-8.2266e-02
-9.1882e-02
-6.1798e-02
-1.1083e-01
-7.4987e-02
-4.8474e-02
-4.9354e-02
-5.1426e-02
-6.0654e-02
-7.7683e-02
-9.4822e-02
-1.0580e-01
-1.1355e-01
-1.2480e-01
-9.2738e-02
-4.9208e-02
-5.0780e-02
-5.7055e-02
-7.5293e-02
-5.7785e-02
-1.1372e-01
-9.1350e-02
-1.5806e-01
-1.7008e-01
-1.2958e-01
-5.5606e-02
-5.6307e-02
-6.5716e-02
-5.6537e-02
-8.4658e-02
-1.0985e-01
-2.0100e-01
-2.0081e-01
-2.6776e-01
-1.9649e-01
-4.0942e-02
-7.4120e-02
-8.5009e-02
-7.8725e-02
-1.2349e-01
-2.1674e-01
-2.4415e-01
-3.7547e-01
-4.3905e-01
-2.1021e-01
-5.3357e-02
-9.6330e-02
-1.1053e-01
-1.5302e-01
-2.1575e-01
-2.7688e-01
-3.9433e-01
-6.4800e-01
-3.1691e-01
-9.8036e-02
-1.0078e-01
-1.1368e-01
-1.3903e-01
-1.8801e-01
-2.8733e-01
-3.7601e-01
-2.3695e-01
-3.2612e-01
-1.1808e-01
-1.4498e-01
-7.1904e-02
-9.2757e-02
-1.8424e-01
-2.6052e-01
-3.9855e-01
-7.6173e-01
-3.3636e-01
-1.0762e-01
-1.2065e-01
-1.5139e-01
-1.2954e-01
-1.1790e-01
-1.7311e-01
-2.8695e-01
-2.2083e-01
-7.9532e-02
-1.0455e-01
-1.2131e-01
-2.9294e+00
-1.3194e-01
-9.5018e-02
-1.3071e-01
-1.8473e-01
-2.9241e-01
-2.2394e-01
-9.0463e-02
-1.1684e-01
-1.2068e-01
-2.0495e+00
-1.5079e-01
-4.7974e-02
-4.8331e-02
-4.9997e-02
-2.8353e-02
-6.7910e-02
-8.2442e-02
-6.1148e-02
-7.0962e-02
-7.6084e-02
-7.5990e-02
-4.7849e-02
-4.8534e-02
-5.0199e-02
-5.9166e-02
-7.8599e-02
-9.7863e-02
-7.4278e-02
-8.2905e-02
-1.2812e-01
-1.2730e-01
-4.7366e-02
-4.9223e-02
-5.4619e-02
-7.0358e-02
-5.7067e-02
-7.3598e-02
-1.4557e-01
-1.1604e-01
-1.6165e-01
-1.3692e-01
-5.0179e-02
-5.3105e-02
-3.5924e-02
-5.3201e-02
-1.1604e-01
-9.7967e-02
-1.3312e-01
-1.8900e-01
-2.8780e-01
-2.4445e-01
-5.9348e-02
-6.7049e-02
-4.9460e-02
-7.2426e-02
-1.5408e-01
-2.0310e-01
-2.8872e-01
-5.5289e-01
-2.9519e-01
-8.8547e-02
-7.6949e-02
-8.7742e-02
-1.0771e-01
-1.4878e-01
-2.3232e-01
-1.9831e-01
-2.5206e-01
-3.7852e-01
-1.3649e-01
-1.8384e-01
-6.0437e-02
-1.1021e-01
-1.3334e-01
-1.3378e-01
-2.5117e-01
-2.4266e-01
-3.5233e-01
-1.5501e-01
-2.2779e-01
-2.6885e-01
-7.3002e-02
-8.6749e-02
-1.7039e-01
-2.3624e-01
-3.7267e-01
-9.7507e-01
-1.1136e-01
-1.6614e-01
-2.4039e-01
-2.8536e-01
-8.2007e-02
-1.4734e-01
-1.9783e-01
-2.9889e-01
-5.4384e-01
-3.5501e-01
-1.2245e-01
-4.0641e+00
-2.0025e-01
-2.9883e-01
-9.0445e-02
-1.5403e-01
-1.4930e-01
-3.1539e-01
-7.0107e-02
-1.0822e-01
-1.3277e-01
-1.7061e-01
-2.0706e-01
-1.2956e+00
-4.7948e-02
-4.7161e-02
-4.9911e-02
-2.9647e-02
-6.9626e-02
-4.6661e-02
-8.8649e-02
-6.3044e-02
-1.1126e-01
-6.7438e-02
-4.7836e-02
-4.7792e-02
-5.0627e-02
-3.2331e-02
-7.7169e-02
-9.1685e-02
-1.0834e-01
-7.8557e-02
-8.1909e-02
-1.3667e-01
-4.6370e-02
-4.7942e-02
-5.1634e-02
-3.6106e-02
-8.8163e-02
-7.0802e-02
-1.3590e-01
-1.6049e-01
-1.6429e-01
-5.4268e-02
-4.9615e-02
-2.7355e-02
-6.1137e-02
-7.5259e-02
-1.0059e-01
-9.1023e-02
-1.3170e-01
-1.6986e-01
-2.0877e-01
-7.5194e-02
-3.4812e-02
-6.8519e-02
-4.7717e-02
-5.8418e-02
-1.2663e-01
-1.8424e-01
-1.7339e-01
-2.3077e-01
-3.4767e-01
-1.1432e-01
-4.9115e-02
-8.5970e-02
-1.0132e-01
-1.3144e-01
-2.4046e-01
-2.0235e-01
-2.9856e-01
-4.2714e-01
-5.4938e-01
-1.7829e-01
-5.8500e-02
-1.1975e-01
-1.2890e-01
-1.5126e-01
-2.0393e-01
-2.7709e-01
-1.3683e-01
-2.0272e-01
-9.1302e-01
-2.4505e-01
-9.7636e-02
-1.2546e-01
-1.4902e-01
-2.4825e-01
-2.4310e-01
-4.1401e-01
-2.0178e-01
-2.7576e-01
-2.9159e-01
-2.8724e-01
-1.0218e-01
-1.2261e-01
-1.8874e-01
-3.7380e-01
-3.2843e-01
-1.5581e-01
-1.0131e+00
-2.6369e-01
-3.3877e-01
-3.2252e-01
-1.0858e-01
-1.3188e-01
-1.4496e-01
-3.6496e-01
-1.0698e-01
-1.9812e-01
-2.6270e-01
-3.6131e-01
-1.5895e+00
-1.2106e+00
-4.4457e-02
-4.3471e-02
-4.6268e-02
-2.7317e-02
-6.3190e-02
-7.2351e-02
-4.4531e-02
-7.8116e-02
-1.1305e-01
-4.5453e-02
-4.6225e-02
-4.5340e-02
-4.6083e-02
-5.3838e-02
-6.5238e-02
-7.4035e-02
-1.1247e-01
-1.2311e-01
-1.3016e-01
-1.4053e-01
-4.5916e-02
-4.5419e-02
-4.7177e-02
-5.3834e-02
-6.7137e-02
-1.0564e-01
-1.2464e-01
-1.6265e-01
-5.9935e-02
-6.0446e-02
-2.4193e-02
-5.0592e-02
-2.9795e-02
-3.4564e-02
-1.0244e-01
-1.2119e-01
-1.5985e-01
-2.0948e-01
-7.1195e-02
-7.8942e-02
-5.9922e-02
-3.5916e-02
-7.5052e-02
-8.1398e-02
-1.1910e-01
-1.5405e-01
-6.2941e-02
-8.0128e-02
-9.3247e-02
-3.8512e-01
-6.9831e-02
-4.4364e-02
-1.1446e-01
-1.2338e-01
-4.9388e-02
-1.9390e-01
-7.4195e-02
-1.0704e-01
-5.2434e-01
-5.3354e-01
-1.0166e-01
-8.4084e-02
-1.2313e-01
-1.6192e-01
-2.0397e-01
-9.9588e-01
-1.1339e-01
-6.4405e-01
-1.5333e-01
-1.6413e-01
-5.3314e-02
-1.3566e-01
-1.7002e-01
-7.3459e-02
-8.7749e-02
-1.0064e-01
-1.4434e-01
-6.2342e-01
-6.3307e-01
-6.1388e-01
-1.1283e-01
-5.9393e-02
-7.1717e-02
-3.8982e-01
-1.4180e-01
-1.8313e-01
-7.6927e-01
-5.5596e-01
-3.6711e+00
-4.7519e-01
-5.0960e-02
-2.1154e-01
-7.9057e-02
-1.2315e-01
-1.9718e-01
-2.3792e-01
-7.3769e-01
-5.2903e-01
-5.2253e-01
-5.7867e-01
-5.9375e-02
-3.0034e-02
-3.7668e-02
-4.2862e-02
-4.6910e-02
-9.6421e-02
-4.7540e-02
-5.7668e-02
-5.8828e-02
-5.6791e-02
-6.5884e-02
-6.7864e-02
-3.6435e-02
-4.3747e-02
-8.5759e-02
-9.5427e-02
-4.9981e-02
-6.1596e-02
-6.2727e-02
-1.7059e-01
-3.8917e-02
-3.7280e-02
-4.0197e-02
-4.5494e-02
-8.8874e-02
-9.8793e-02
-5.1506e-02
-2.1630e-01
-7.1412e-02
-6.8594e-02
-2.2913e-02
-2.3267e-02
-2.7265e-02
-3.9466e-02
-4.0636e-02
-1.1299e-01
-1.4709e-01
-6.5633e-02
-2.6113e-01
-7.7495e-02
-4.9004e-02
-5.1844e-02
-1.0478e-01
-4.4643e-02
-1.3579e-01
-5.1218e-02
-1.7771e-01
-2.8905e-01
-9.1791e-02
-9.0870e-02
-8.1844e-02
-8.8547e-02
-1.1207e-01
-4.9164e-02
-5.9918e-02
-6.7204e-02
-2.8536e-01
-8.9435e-02
-9.6924e-02
-4.7542e-01
-9.5867e-02
-1.1264e-01
-4.9379e-02
-1.7031e-01
-6.9720e-02
-2.9927e-01
-1.0233e-01
-9.8105e-02
-3.9365e-01
-3.7678e-01
-4.6572e-02
-4.9941e-02
-5.6581e-02
-6.5133e-02
-2.7964e-01
-9.6920e-02
-4.5188e-01
-3.4548e+00
-3.5178e-01
-2.5978e+00
-5.6101e-02
-1.9350e-01
-2.2497e-01
-3.0966e-01
-3.7740e-01
-4.3513e-01
-1.0907e-01
-4.2640e-01
-3.1548e-01
-3.5686e-01
-6.1991e-02
-7.1680e-02
-7.3688e-02
-9.3205e-02
-4.4059e-01
-4.4920e-01
-5.3155e-01
-4.5396e-01
-3.3519e-01
-3.6364e-01
-4.8470e-02
-5.2353e-02
-5.7128e-02
-6.5822e-02
-3.5044e-02
-9.8681e-02
-4.5610e-02
-5.2928e-02
-6.2384e-02
-6.7947e-02
-5.5317e-02
-2.0337e-02
-2.6630e-02
-7.3295e-02
-8.7038e-02
-4.3058e-02
-5.0442e-02
-1.7418e-01
-6.5861e-02
-7.3655e-02
-6.3985e-02
-3.1038e-02
-3.4781e-02
-3.7736e-02
-4.2663e-02
-5.0308e-02
-6.0051e-02
-2.4788e-01
-7.9274e-02
-8.5750e-02
-3.0606e-02
-3.3247e-02
-3.6361e-02
-4.1663e-02
-4.9760e-02
-5.9278e-02
-6.8112e-02
-7.9940e-02
-7.8658e-02
-8.6931e-02
-8.4814e-02
-3.7120e-02
-1.0113e-01
-9.3935e-02
-5.5110e-02
-6.9760e-02
-7.5072e-02
-7.3128e-02
-7.8055e-02
-7.4855e-02
-4.1219e-02
-4.3040e-02
-4.7432e-02
-1.6395e-01
-6.1455e-02
-7.6727e-02
-7.3999e-02
-6.9444e-02
-1.5497e+00
-1.0490e+00
-4.8953e-02
-5.5505e-02
-6.2934e-02
-6.7512e-02
-7.3217e-02
-3.0286e-01
-7.5595e-02
-1.7273e+00
-9.7013e-01
-8.5896e-01
-5.5584e-02
-6.5845e-02
-7.1948e-02
-7.5961e-02
-7.1916e-02
-7.0169e-02
-2.9151e-01
-2.4901e-01
-2.3708e-01
-1.9542e-01
-5.8511e-02
-6.2506e-02
-6.8170e-02
-6.1346e-02
-2.5271e-01
-2.4414e-01
-1.6811e+00
-2.7364e-01
-2.4873e-01
-1.5378e+00
-6.0293e-02
-6.3329e-02
-5.4296e-01
-4.4402e-02
-1.2711e+00
-1.0297e+00
-1.0548e+00
-2.2972e-01
-2.7827e-01
-2.6598e-01
-2.6517e-02
-2.9222e-02
-3.1113e-02
-7.3373e-02
-3.7739e-02
-4.5947e-02
-5.1555e-02
-5.4891e-02
-6.0183e-02
-6.4986e-02
-5.1702e-02
-2.9453e-02
-3.3726e-02
-3.6391e-02
-4.0708e-02
-4.8868e-02
-5.4251e-02
-5.6787e-02
-6.0956e-02
-6.7580e-02
-5.3262e-02
-2.9523e-02
-3.5457e-02
-4.0638e-02
-4.6093e-02
-5.3837e-02
-5.6267e-02
-1.9299e-01
-5.7443e-02
-6.0759e-02
-6.6933e-02
-3.2350e-02
-3.7984e-02
-4.3837e-02
-5.1110e-02
-5.9596e-02
-6.1049e-02
-5.6949e-02
-8.4343e-01
-1.5879e-01
-3.5134e-02
-3.7738e-02
-4.4470e-02
-5.1137e-02
-5.8358e-02
-6.2694e-02
-6.2426e-02
-6.0226e-02
-6.1361e-01
-4.7332e-01
-4.0646e-02
-4.4071e-02
-5.1185e-02
-5.7277e-02
-6.3608e-02
-6.1220e-02
-2.2232e-01
-2.1449e-01
-5.5757e-01
-4.9811e-01
-4.5225e-02
-4.6442e-02
-5.0690e-02
-5.8787e-02
-6.1480e-02
-2.1851e-01
-7.6289e-01
-6.3966e-01
-4.8779e-01
-2.0568e-01
-4.9082e-02
-4.9335e-02
-4.0218e-01
-5.0150e-02
-1.9539e-01
-7.3743e-01
-6.2826e-01
-6.0695e-01
-5.9723e-01
-5.8505e-01
-4.9679e-02
-5.0760e-02
-5.0931e-02
-4.9037e-02
-5.9003e-01
-5.9692e-01
-6.3760e-01
-6.5547e-01
-6.7610e-01
-6.6427e-01
-4.9178e-02
-2.9104e-01
-5.6657e-02
-1.8920e-01
-4.5652e-01
-2.1223e-01
-5.5289e-01
-6.8776e-01
-6.7576e-01
-7.0091e-01
-2.3928e-02
-5.4144e-02
-3.1438e-02
-3.5458e-02
-3.6029e-02
-3.5658e-02
-1.0328e-01
-4.1693e-02
-4.3405e-02
-4.6429e-02
-2.6528e-02
-2.7249e-02
-3.0654e-02
-3.5301e-02
-3.7844e-02
-3.8411e-02
-3.9983e-02
-4.2073e-02
-4.4324e-02
-1.4246e-01
-2.8069e-02
-2.8543e-02
-7.0775e-02
-3.4595e-02
-8.4738e-02
-4.1364e-02
-1.2424e-01
-1.3708e-01
-2.8610e-01
-2.7851e-01
-2.8126e-02
-2.9013e-02
-3.0718e-02
-3.5792e-02
-4.2236e-02
-4.3288e-02
-4.2843e-02
-2.7666e-01
-2.7632e-01
-2.7299e-01
-6.7140e-02
-7.3044e-02
-3.2775e-02
-3.8392e-02
-4.3101e-02
-4.6289e-02
-1.5351e-01
-3.4230e-01
-3.1445e-01
-2.6589e-01
-3.3075e-02
-3.5497e-02
-3.8474e-02
-1.8473e-01
-4.0922e-02
-1.5579e-01
-4.2476e-01
-4.1265e-01
-3.9837e-01
-3.2805e-01
-3.7471e-02
-4.0064e-02
-4.2769e-02
-4.2281e-02
-3.3492e-01
-3.7609e-01
-4.1968e-01
-4.5242e-01
-4.4639e-01
-4.7107e-01
-4.1820e-02
-1.2210e-01
-1.4186e-01
-4.9505e-02
-3.6376e-01
-4.0902e-01
-4.5313e-01
-5.0720e-01
-5.2020e-01
-5.5119e-01
-4.6946e-02
-4.4515e-02
-1.4310e-01
-2.7135e-01
-3.4421e-01
-4.3540e-01
-5.3531e-01
-5.8969e-01
-6.0497e-01
-6.0872e-01
-5.2412e-02
-1.6294e-01
-1.4619e-01
-1.5100e-01
-3.2736e-01
-4.6826e-01
-6.0684e-01
-6.7878e-01
-6.6257e-01
-6.6549e-01
-2.0258e-02
-2.7005e-02
-3.3140e-02
-3.3506e-02
-3.0835e-02
-2.9380e-02
-5.9233e-02
-3.2719e-02
-1.0242e-01
-7.5753e-02
-2.3576e-02
-2.7160e-02
-3.1320e-02
-3.4231e-02
-3.4239e-02
-3.3400e-02
-9.5104e-02
-3.6455e-02
-1.3512e-01
-1.4296e-01
-2.6032e-02
-2.8234e-02
-2.8354e-02
-7.6587e-02
-3.4687e-02
-3.5522e-02
-3.7080e-02
-1.4020e-01
-1.8356e-01
-2.0266e-01
-2.8535e-02
-2.8011e-02
-2.7379e-02
-3.0952e-02
-3.4268e-02
-1.0216e-01
-1.1122e-01
-1.4298e-01
-2.1263e-01
-2.2491e-01
-3.1419e-02
-3.0830e-02
-3.0694e-02
-3.2643e-02
-3.5109e-02
-1.5268e-01
-2.0270e-01
-2.5805e-01
-2.9121e-01
-2.8505e-01
-3.2008e-02
-3.3530e-02
-3.4385e-02
-3.6883e-02
-1.3249e-01
-1.9071e-01
-3.0121e-01
-4.0819e-01
-4.0186e-01
-4.1392e-01
-3.4009e-02
-3.5667e-02
-1.0292e-01
-1.4711e-01
-2.0794e-01
-2.7299e-01
-3.4992e-01
-4.7975e-01
-5.1005e-01
-4.9486e-01
-3.6984e-02
-3.8717e-02
-1.2323e-01
-1.7608e-01
-2.9425e-01
-4.1415e-01
-4.9778e-01
-5.6135e-01
-5.5225e-01
-5.4749e-01
-3.9199e-02
-1.2581e-01
-1.2178e-01
-1.7925e-01
-3.1312e-01
-4.6901e-01
-6.0299e-01
-6.5859e-01
-6.3398e-01
-6.1045e-01
-1.4232e-01
-1.1786e-01
-1.3724e-01
-1.2590e-01
-2.9724e-01
-4.9789e-01
-6.6282e-01
-7.1041e-01
-6.8637e-01
-6.6785e-01
-1.1368e-02
-1.9043e-02
-6.1764e-02
-2.5785e-02
-2.0690e-02
-2.1482e-02
-3.1075e-02
-5.6787e-02
-6.8270e-02
-5.7992e-02
-1.5590e-02
-2.0694e-02
-2.5948e-02
-6.7677e-02
-6.1899e-02
-2.5507e-02
-5.3227e-02
-6.9161e-02
-8.8131e-02
-1.1537e-01
-1.9213e-02
-5.1324e-02
-2.3310e-02
-2.5733e-02
-2.7638e-02
-6.5660e-02
-7.9862e-02
-1.1025e-01
-1.9029e-01
-2.2793e-01
-2.0821e-02
-2.1452e-02
-1.9883e-02
-2.3177e-02
-7.4585e-02
-7.5709e-02
-6.4016e-02
-1.3791e-01
-1.9326e-01
-2.7521e-01
-5.1064e-02
-2.0725e-02
-1.8963e-02
-2.3598e-02
-5.5481e-02
-9.5708e-02
-1.5747e-01
-2.2810e-01
-2.9445e-01
-2.6981e-01
-2.0354e-02
-5.3559e-02
-5.7597e-02
-6.8097e-02
-6.9390e-02
-1.3850e-01
-2.7752e-01
-4.7357e-01
-4.9443e-01
-3.9072e-01
-1.9105e-02
-5.9995e-02
-5.3643e-02
-1.0227e-01
-1.7247e-01
-2.3434e-01
-3.9292e-01
-5.8178e-01
-5.7858e-01
-4.6518e-01
-6.0567e-02
-7.1793e-02
-7.8588e-02
-1.5930e-01
-2.9994e-01
-4.5682e-01
-5.4542e-01
-5.8219e-01
-5.2415e-01
-5.1602e-01
-7.1776e-02
-9.6632e-02
-9.9057e-02
-1.4563e-01
-3.1882e-01
-5.6216e-01
-6.8196e-01
-6.7042e-01
-6.1003e-01
-6.3151e-01
-1.0184e-01
-1.0405e-01
-1.1967e-01
-1.3820e-01
-2.4956e-01
-5.1542e-01
-6.9796e-01
-6.9068e-01
-6.6482e-01
-6.4767e-01
-1.1368e-02
-1.9043e-02
-6.1764e-02
-2.5785e-02
-2.0690e-02
-2.1482e-02
-3.1075e-02
-5.6787e-02
-6.8270e-02
-5.7992e-02
-1.5590e-02
-2.0694e-02
-2.5948e-02
-6.7677e-02
-6.1899e-02
-2.5507e-02
-5.3227e-02
-6.9161e-02
-8.8131e-02
-1.1537e-01
-1.9213e-02
-5.1324e-02
-2.3310e-02
-2.5733e-02
-2.7638e-02
-6.5660e-02
-7.9862e-02
-1.1025e-01
-1.9029e-01
-2.2793e-01
-2.0821e-02
-2.1452e-02
-1.9883e-02
-2.3177e-02
-7.4585e-02
-7.5709e-02
-6.4016e-02
-1.3791e-01
-1.9326e-01
-2.7521e-01
-5.1064e-02
-2.0725e-02
-1.8963e-02
-2.3598e-02
-5.5481e-02
-9.5708e-02
-1.5747e-01
-2.2810e-01
-2.9445e-01
-2.6981e-01
-2.0354e-02
-5.3559e-02
-5.7597e-02
-6.8097e-02
-6.9390e-02
-1.3850e-01
-2.7752e-01
-4.7357e-01
-4.9443e-01
-3.9072e-01
-1.9105e-02
-5.9995e-02
-5.3643e-02
-1.0227e-01
-1.7247e-01
-2.3434e-01
-3.9292e-01
-5.8178e-01
-5.7858e-01
-4.6518e-01
-6.0567e-02
-7.1793e-02
-7.8588e-02
-1.5930e-01
-2.9994e-01
-4.5682e-01
-5.4542e-01
-5.8219e-01
-5.2415e-01
-5.1602e-01
-7.1776e-02
-9.6632e-02
-9.9057e-02
-1.4563e-01
-3.1882e-01
-5.6216e-01
-6.8196e-01
-6.7042e-01
-6.1003e-01
-6.3151e-01
-1.0184e-01
-1.0405e-01
-1.1967e-01
-1.3820e-01
-2.4956e-01
-5.1542e-01
-6.9796e-01
-6.9068e-01
-6.6482e-01
-6.4767e-01
