#Water content: time=1.000000
1
Theta
1.5027e-01
1.5054e-01
1.5086e-01
1.5305e-01
1.5794e-01
1.6185e-01
1.6457e-01
1.0447e-01
1.7092e-01
1.0889e-01
1.5056e-01
1.5113e-01
1.5250e-01
1.5580e-01
1.6086e-01
1.6560e-01
1.6884e-01
1.7160e-01
1.7481e-01
1.1225e-01
1.5144e-01
1.5213e-01
1.5464e-01
1.6043e-01
1.0373e-01
1.7167e-01
1.1143e-01
1.8043e-01
1.8290e-01
1.1799e-01
1.5440e-01
1.5451e-01
1.5770e-01
1.0342e-01
1.1036e-01
1.1483e-01
1.8762e-01
1.2600e-01
1.9552e-01
1.2658e-01
9.8797e-02
1.6022e-01
1.6370e-01
1.0866e-01
1.1664e-01
1.8980e-01
1.3029e-01
1.3878e-01
1.4251e-01
3.7579e-01
1.0245e-01
1.6681e-01
1.7087e-01
1.7940e-01
1.8931e-01
1.9723e-01
2.0740e-01
1.5124e-01
3.8178e-01
4.5369e-01
1.6813e-01
1.7179e-01
1.7745e-01
1.8647e-01
1.9887e-01
1.4052e-01
3.7860e-01
3.8318e-01
4.5533e-01
4.5771e-01
1.0782e-01
1.1206e-01
1.8541e-01
1.9634e-01
1.4254e-01
1.5825e-01
3.8491e-01
4.5542e-01
4.5620e-01
4.5795e-01
1.7576e-01
1.1614e-01
1.2414e-01
1.3483e-01
3.7835e-01
4.5322e-01
4.5608e-01
4.5680e-01
2.8726e-01
4.5695e-01
1.1256e-01
1.1782e-01
1.2556e-01
1.3523e-01
3.7822e-01
4.5422e-01
4.5716e-01
4.5631e-01
2.7485e-01
4.5695e-01
1.5005e-01
1.5026e-01
1.5051e-01
9.3320e-02
1.5753e-01
1.6196e-01
1.0373e-01
1.0646e-01
1.0811e-01
1.0900e-01
1.5009e-01
1.5055e-01
1.5136e-01
1.5476e-01
1.6075e-01
1.6622e-01
1.0698e-01
1.0895e-01
1.7449e-01
1.7564e-01
1.5014e-01
1.5106e-01
1.5351e-01
1.5907e-01
1.0330e-01
1.0745e-01
1.7724e-01
1.1476e-01
1.8048e-01
1.7879e-01
1.5180e-01
1.5285e-01
9.6495e-02
1.0258e-01
1.7311e-01
1.1287e-01
1.1806e-01
1.2421e-01
1.9495e-01
1.9150e-01
1.5627e-01
1.5788e-01
1.0075e-01
1.0750e-01
1.8053e-01
1.8749e-01
1.9670e-01
2.1208e-01
3.7879e-01
4.5127e-01
1.6169e-01
1.6455e-01
1.6963e-01
1.7806e-01
1.8917e-01
3.7253e-01
3.7645e-01
3.8234e-01
4.5492e-01
4.5640e-01
1.0425e-01
1.7071e-01
1.7575e-01
1.1760e-01
1.2877e-01
3.7599e-01
3.8188e-01
4.5529e-01
4.5796e-01
4.5926e-01
1.0830e-01
1.1113e-01
1.8273e-01
1.9222e-01
2.0609e-01
2.3023e-01
4.5411e-01
4.5633e-01
4.5780e-01
4.5927e-01
1.1048e-01
1.7995e-01
1.8827e-01
2.0020e-01
2.1966e-01
3.8512e-01
4.5616e-01
2.9967e-01
4.5641e-01
4.5869e-01
1.1207e-01
1.8130e-01
3.6959e-01
2.0213e-01
4.5099e-01
4.5527e-01
4.5785e-01
4.5706e-01
4.5664e-01
3.9686e-01
1.4993e-01
1.4991e-01
1.5110e-01
9.4416e-02
1.5862e-01
1.0036e-01
1.6688e-01
1.0701e-01
1.7290e-01
1.0757e-01
1.4987e-01
1.5015e-01
1.5152e-01
9.5326e-02
1.6127e-01
1.6627e-01
1.7161e-01
1.0989e-01
1.0995e-01
3.6464e-01
1.4918e-01
1.5039e-01
1.5258e-01
9.6963e-02
1.6537e-01
1.0763e-01
3.6565e-01
1.8048e-01
1.8002e-01
4.4582e-01
1.5047e-01
9.3140e-02
1.5669e-01
1.6217e-01
1.6931e-01
1.1137e-01
1.1682e-01
3.6974e-01
3.7247e-01
4.4913e-01
9.5422e-02
1.5758e-01
1.0087e-01
1.0478e-01
1.7514e-01
1.8439e-01
3.7111e-01
3.7650e-01
3.8373e-01
4.5491e-01
1.0033e-01
1.6330e-01
1.6859e-01
1.7561e-01
1.8953e-01
3.7454e-01
3.8022e-01
3.8792e-01
3.9455e-01
4.5894e-01
1.0433e-01
3.6235e-01
3.6415e-01
3.6738e-01
3.7332e-01
3.8114e-01
4.5522e-01
4.5835e-01
3.9934e-01
4.5997e-01
1.6983e-01
3.6385e-01
3.6619e-01
1.8995e-01
3.7536e-01
3.8458e-01
4.5678e-01
4.5837e-01
4.5944e-01
4.6000e-01
1.7056e-01
1.7382e-01
1.8287e-01
1.9900e-01
3.7907e-01
4.5535e-01
3.9508e-01
4.5735e-01
4.5890e-01
4.6000e-01
3.6280e-01
3.6447e-01
3.6728e-01
2.0040e-01
4.5261e-01
4.5743e-01
4.5899e-01
4.5885e-01
3.9897e-01
4.0000e-01
1.5003e-01
1.4900e-01
1.5045e-01
9.4182e-02
1.5791e-01
1.6048e-01
9.9552e-02
1.6306e-01
3.6111e-01
4.4416e-01
1.5022e-01
1.4969e-01
1.5069e-01
1.5473e-01
1.5895e-01
1.6174e-01
3.6076e-01
3.6250e-01
3.6380e-01
3.6508e-01
1.4904e-01
1.4939e-01
1.5070e-01
1.5461e-01
1.6015e-01
3.6109e-01
3.6369e-01
3.6683e-01
4.4693e-01
4.4774e-01
9.1775e-02
1.5206e-01
9.4251e-02
9.6383e-02
3.5965e-01
3.6357e-01
3.6812e-01
3.7249e-01
4.5030e-01
4.5199e-01
1.5694e-01
9.7027e-02
1.6079e-01
1.6279e-01
3.6205e-01
3.6723e-01
4.4899e-01
4.5167e-01
4.5423e-01
3.9157e-01
1.6173e-01
1.0005e-01
3.6084e-01
3.6287e-01
4.4612e-01
3.7427e-01
4.5257e-01
4.5576e-01
3.9517e-01
3.9772e-01
3.5970e-01
1.6405e-01
3.6264e-01
3.6742e-01
3.7436e-01
2.4283e-01
4.5611e-01
3.9788e-01
4.5952e-01
4.5983e-01
1.0157e-01
3.6297e-01
3.6730e-01
4.4902e-01
4.5242e-01
4.5540e-01
4.5854e-01
4.0000e-01
4.0000e-01
4.0000e-01
1.6733e-01
4.4562e-01
4.4831e-01
3.8093e-01
4.5552e-01
4.5838e-01
3.9942e-01
3.9993e-01
3.4982e-01
3.9995e-01
4.4398e-01
1.8008e-01
4.4857e-01
4.5250e-01
4.5690e-01
4.5949e-01
3.9998e-01
3.9991e-01
3.9981e-01
3.9984e-01
3.4944e-01
1.4350e-01
1.4730e-01
1.5085e-01
1.5238e-01
3.5654e-01
4.4308e-01
4.4440e-01
4.4482e-01
4.4543e-01
3.5034e-01
3.5010e-01
1.4599e-01
1.4998e-01
3.5477e-01
3.5617e-01
4.4364e-01
4.4597e-01
4.4625e-01
3.6739e-01
1.4682e-01
1.4572e-01
1.4713e-01
1.4983e-01
3.5475e-01
3.5703e-01
4.4457e-01
3.7134e-01
4.4918e-01
4.4940e-01
9.1617e-02
9.1574e-02
9.3193e-02
4.4136e-01
4.4174e-01
3.6048e-01
3.6743e-01
4.4963e-01
3.8122e-01
4.5287e-01
1.5232e-01
1.5383e-01
3.5775e-01
4.4303e-01
3.6194e-01
4.4590e-01
3.7489e-01
3.8364e-01
4.5519e-01
4.5595e-01
3.5444e-01
3.5601e-01
3.5912e-01
4.4462e-01
4.4677e-01
4.4935e-01
3.8374e-01
4.5640e-01
4.5810e-01
3.9695e-01
3.5569e-01
3.5801e-01
4.4412e-01
3.6896e-01
4.4978e-01
3.8204e-01
4.5543e-01
4.5795e-01
3.9694e-01
3.9717e-01
4.4318e-01
4.4465e-01
4.4717e-01
4.5060e-01
3.8572e-01
4.5566e-01
3.9404e-01
3.2182e-01
3.9549e-01
3.2500e-01
4.4537e-01
3.7091e-01
3.7846e-01
3.8729e-01
3.9474e-01
3.9722e-01
4.5887e-01
3.9622e-01
3.9559e-01
3.9634e-01
4.4674e-01
4.4907e-01
4.5283e-01
4.5647e-01
3.9798e-01
3.9883e-01
3.9896e-01
3.9771e-01
3.9651e-01
3.9685e-01
3.4086e-01
3.4300e-01
3.4637e-01
3.4897e-01
1.4430e-01
3.5428e-01
4.4387e-01
4.4681e-01
4.4793e-01
4.4835e-01
3.4337e-01
1.3443e-01
1.3890e-01
3.4956e-01
3.5130e-01
4.4113e-01
4.4504e-01
3.7234e-01
4.4915e-01
4.4916e-01
3.4774e-01
4.3778e-01
4.3871e-01
4.3965e-01
4.4055e-01
4.4264e-01
4.4662e-01
3.7746e-01
4.5195e-01
4.5217e-01
4.3926e-01
4.3945e-01
4.4024e-01
4.4149e-01
4.4290e-01
4.4489e-01
4.4795e-01
4.5178e-01
4.5412e-01
4.5467e-01
3.5214e-01
4.4009e-01
3.5614e-01
1.6462e-01
4.4542e-01
4.4801e-01
4.5045e-01
4.5320e-01
4.5502e-01
4.5524e-01
4.3994e-01
4.4109e-01
4.4299e-01
1.7816e-01
4.4852e-01
4.5157e-01
4.5354e-01
4.5462e-01
2.8271e-01
2.8066e-01
4.4212e-01
4.4408e-01
4.4667e-01
4.4870e-01
4.5164e-01
3.8660e-01
4.5491e-01
2.7647e-01
2.6936e-01
2.6527e-01
4.4509e-01
4.4728e-01
4.5015e-01
4.5196e-01
4.5393e-01
4.5533e-01
3.8925e-01
3.8708e-01
3.8606e-01
3.8496e-01
4.4765e-01
4.4920e-01
4.5101e-01
4.5303e-01
3.8843e-01
3.8974e-01
2.8775e-01
3.8890e-01
3.8894e-01
2.7910e-01
4.4929e-01
4.5072e-01
2.3537e-01
4.5301e-01
2.7941e-01
2.8200e-01
2.8442e-01
3.9007e-01
3.9125e-01
3.9096e-01
4.3231e-01
4.3385e-01
4.3512e-01
3.4518e-01
4.3850e-01
4.4181e-01
4.4528e-01
4.4757e-01
4.4941e-01
4.5064e-01
3.3819e-01
4.3488e-01
4.3672e-01
4.3794e-01
4.3994e-01
4.4319e-01
4.4648e-01
4.4869e-01
4.5067e-01
4.5203e-01
3.4161e-01
4.3652e-01
4.3882e-01
4.4052e-01
4.4269e-01
4.4564e-01
4.4871e-01
3.7873e-01
4.5245e-01
4.5338e-01
3.4681e-01
4.3836e-01
4.4024e-01
4.4244e-01
4.4514e-01
4.4810e-01
4.5069e-01
4.5239e-01
2.5557e-01
3.8396e-01
4.3921e-01
4.4037e-01
4.4211e-01
4.4451e-01
4.4754e-01
4.5069e-01
4.5259e-01
4.5261e-01
2.3814e-01
2.3074e-01
4.4135e-01
4.4278e-01
4.4496e-01
4.4745e-01
4.5022e-01
4.5257e-01
3.8420e-01
3.8116e-01
2.1921e-01
2.1042e-01
4.4428e-01
4.4614e-01
4.4817e-01
4.5027e-01
4.5243e-01
3.8403e-01
2.4454e-01
2.2644e-01
2.1555e-01
3.7555e-01
4.4675e-01
4.4869e-01
2.2214e-01
4.5168e-01
3.8335e-01
2.4762e-01
2.3611e-01
2.2930e-01
2.2609e-01
2.2269e-01
4.4823e-01
4.4911e-01
4.5003e-01
4.5093e-01
2.3196e-01
2.2961e-01
2.2649e-01
2.3499e-01
2.4014e-01
2.3276e-01
4.4892e-01
2.0503e-01
4.4877e-01
3.7558e-01
2.1538e-01
3.7699e-01
2.2165e-01
2.3576e-01
2.4713e-01
2.4248e-01
4.3158e-01
3.3911e-01
4.3539e-01
4.3705e-01
4.3933e-01
4.4245e-01
3.6476e-01
4.4726e-01
4.4934e-01
4.5018e-01
4.3204e-01
4.3415e-01
4.3666e-01
4.3877e-01
4.4095e-01
4.4372e-01
4.4614e-01
4.4794e-01
4.4964e-01
3.7762e-01
4.3332e-01
4.3542e-01
3.4902e-01
4.4071e-01
1.6479e-01
4.4572e-01
3.7079e-01
3.7290e-01
2.0870e-01
2.1578e-01
4.3544e-01
4.3709e-01
4.3950e-01
4.4228e-01
4.4539e-01
4.4809e-01
4.4929e-01
2.0663e-01
1.9903e-01
1.9985e-01
3.4875e-01
3.5170e-01
4.4179e-01
4.4470e-01
4.4763e-01
4.4994e-01
3.7783e-01
2.1236e-01
1.9825e-01
1.9275e-01
4.4075e-01
4.4224e-01
4.4481e-01
1.9407e-01
4.4931e-01
3.7730e-01
2.1981e-01
2.1403e-01
2.0610e-01
1.3348e-01
4.4358e-01
4.4487e-01
4.4680e-01
4.4881e-01
2.1626e-01
2.1377e-01
2.1094e-01
2.1211e-01
1.4445e-01
1.4620e-01
4.4585e-01
3.6806e-01
3.7015e-01
4.4883e-01
2.1147e-01
2.0893e-01
2.0997e-01
2.1422e-01
1.4854e-01
1.5148e-01
4.4751e-01
4.4743e-01
3.7120e-01
2.0127e-01
2.0482e-01
2.0881e-01
2.1487e-01
1.4991e-01
1.5156e-01
1.5173e-01
4.4838e-01
3.7059e-01
3.7130e-01
3.7252e-01
2.0276e-01
2.1265e-01
1.5134e-01
1.5374e-01
2.2261e-01
2.2142e-01
4.2982e-01
4.3259e-01
4.3611e-01
4.3799e-01
4.3891e-01
4.4019e-01
1.5890e-01
4.4445e-01
1.8194e-01
3.6659e-01
4.3136e-01
4.3345e-01
4.3627e-01
4.3879e-01
4.4043e-01
4.4189e-01
3.6097e-01
4.4507e-01
1.8290e-01
1.8356e-01
4.3315e-01
4.3473e-01
4.3655e-01
3.5124e-01
4.4175e-01
4.4365e-01
4.4476e-01
1.7936e-01
1.8395e-01
1.8500e-01
4.3484e-01
4.3582e-01
4.3748e-01
4.4028e-01
4.4351e-01
3.6560e-01
3.6696e-01
3.6765e-01
1.8664e-01
1.8718e-01
4.3694e-01
4.3779e-01
4.3962e-01
4.4230e-01
4.4510e-01
1.8806e-01
1.9189e-01
1.9346e-01
1.9572e-01
1.9575e-01
4.3944e-01
4.4087e-01
4.4264e-01
4.4431e-01
1.8140e-01
1.9126e-01
1.9961e-01
2.0641e-01
1.4030e-01
2.0972e-01
4.4211e-01
4.4325e-01
3.6405e-01
1.8228e-01
1.8865e-01
1.9633e-01
1.3736e-01
1.4553e-01
1.4858e-01
2.1813e-01
4.4446e-01
4.4460e-01
1.7786e-01
1.8776e-01
1.9751e-01
2.0711e-01
1.4664e-01
1.5176e-01
1.5269e-01
1.5262e-01
4.4605e-01
1.7898e-01
3.6617e-01
1.8641e-01
1.9972e-01
1.4491e-01
2.2391e-01
1.5715e-01
1.5672e-01
2.2652e-01
1.8736e-01
3.6677e-01
1.8032e-01
1.1904e-01
1.9906e-01
2.1621e-01
1.5703e-01
1.5970e-01
1.5916e-01
1.5869e-01
4.2547e-01
4.3071e-01
3.4429e-01
4.3671e-01
4.3587e-01
4.3653e-01
4.3977e-01
1.5693e-01
3.5469e-01
3.5320e-01
4.2824e-01
4.3179e-01
4.3522e-01
3.4800e-01
3.4943e-01
4.3904e-01
1.5482e-01
1.6171e-01
1.6497e-01
1.6812e-01
4.3088e-01
3.3915e-01
4.3445e-01
4.3667e-01
4.3923e-01
3.5425e-01
3.5765e-01
1.7035e-01
1.8288e-01
1.2420e-01
4.3303e-01
4.3361e-01
4.3412e-01
4.3703e-01
3.5453e-01
3.5709e-01
1.6286e-01
1.7689e-01
1.2403e-01
1.9365e-01
3.4349e-01
4.3530e-01
4.3600e-01
4.3893e-01
1.5882e-01
1.6831e-01
1.7913e-01
1.9022e-01
1.9856e-01
1.9656e-01
4.3655e-01
3.4891e-01
3.5173e-01
3.5568e-01
1.6379e-01
1.7738e-01
1.3055e-01
1.4432e-01
1.4694e-01
1.4208e-01
4.3834e-01
3.5328e-01
1.5741e-01
1.6872e-01
1.8114e-01
1.9144e-01
2.0792e-01
1.5235e-01
1.5296e-01
2.1632e-01
3.5591e-01
3.5720e-01
1.6485e-01
1.7936e-01
1.3226e-01
1.4425e-01
1.5087e-01
1.5418e-01
2.2169e-01
1.5072e-01
1.6513e-01
3.6044e-01
1.6950e-01
1.7880e-01
1.9900e-01
1.5068e-01
1.5781e-01
1.5790e-01
1.5564e-01
1.5626e-01
1.6880e-01
1.6934e-01
1.7294e-01
1.7813e-01
1.9410e-01
1.4857e-01
1.5862e-01
1.5863e-01
1.5743e-01
1.5659e-01
