#Darcy flux: time=1.000000
1
DarcyVelX
9.9350e-05
1.0963e-04
-3.9580e-05
-1.3745e-04
1.6648e-04
5.3886e-04
-2.9492e-03
-6.3790e-03
-6.2761e-03
-5.3344e-03
-3.2508e-03
-1.5943e-03
-3.8982e-03
-6.9822e-03
-4.0260e-03
-1.9548e-03
-3.0036e-03
-5.3972e-03
-2.4875e-03
-1.0742e-03
-1.0742e-03
6.3360e-05
5.5472e-05
-1.1790e-04
-2.8377e-04
-3.2591e-04
-4.8321e-04
-3.1926e-03
-6.0644e-03
-6.7185e-03
-5.8241e-03
-3.9182e-03
-2.3118e-03
-3.8099e-03
-6.0173e-03
-4.1870e-03
-2.9051e-03
-3.7901e-03
-6.0621e-03
-3.1929e-03
-1.2981e-03
-1.2981e-03
-2.1527e-05
-9.1060e-05
-3.8689e-04
-7.0510e-04
-1.2910e-03
-2.0252e-03
-4.1431e-03
-5.9266e-03
-6.8060e-03
-6.2731e-03
-5.2806e-03
-4.1597e-03
-4.1501e-03
-4.3774e-03
-5.5128e-03
-5.8720e-03
-5.0916e-03
-6.7524e-03
-3.9087e-03
-1.7003e-03
-1.7003e-03
-9.2313e-05
-2.3214e-04
-6.6072e-04
-1.1248e-03
-2.0915e-03
-3.1680e-03
-5.1751e-03
-6.3628e-03
-7.1930e-03
-6.7307e-03
-6.9926e-03
-7.2547e-03
-5.3558e-03
-3.9248e-03
-4.5589e-03
-5.9095e-03
-5.8130e-03
-6.5360e-03
-3.9637e-03
-1.7238e-03
-1.7238e-03
-1.5992e-04
-4.0476e-04
-9.8006e-04
-1.5817e-03
-3.2586e-03
-4.9131e-03
-7.2644e-03
-8.5109e-03
-4.8207e-03
-3.5470e-03
-7.5988e-03
-1.1547e-02
-6.0321e-03
-2.8446e-03
-3.8388e-03
-5.5352e-03
-5.1072e-03
-4.7601e-03
-2.4892e-03
-8.9714e-04
-8.9714e-04
-1.5111e-04
-4.7437e-04
-1.0870e-03
-1.5882e-03
-4.1023e-03
-6.5765e-03
-9.9922e-03
-1.2387e-02
-6.1264e-03
-3.5167e-03
-7.2058e-03
-1.2604e-02
-9.2473e-03
-5.5156e-03
-5.7547e-03
-7.2819e-03
-5.3808e-03
-3.8121e-03
-1.4695e-03
8.9945e-05
8.9945e-05
6.4392e-05
-2.6245e-04
-7.9678e-04
-1.0191e-03
-4.7594e-03
-9.0467e-03
-8.4877e-03
-1.0226e-02
-7.7944e-03
-4.8758e-03
-5.2235e-03
-7.6853e-03
-1.6355e-02
-1.7429e-02
-9.5603e-03
-5.9863e-03
-3.0989e-03
-6.5078e-04
5.6234e-04
1.3247e-03
1.3247e-03
3.7824e-04
-8.4472e-05
-6.6770e-04
-8.7567e-04
-5.3625e-03
-1.0663e-02
-1.0566e-02
-1.2350e-02
-9.7044e-03
-7.3047e-03
-7.9894e-03
-1.0069e-02
-2.0449e-02
-2.5787e-02
-1.5160e-02
-5.8808e-03
-6.7354e-04
4.1796e-03
2.4506e-03
2.0318e-03
2.0318e-03
5.2088e-04
7.6593e-04
-1.7889e-04
-8.6966e-04
-5.8797e-03
-1.1673e-02
-1.1388e-02
-1.3642e-02
-1.1714e-02
-9.0821e-03
-1.4484e-02
-2.0363e-02
-2.1948e-02
-2.7757e-02
-2.3323e-02
-7.1328e-03
-4.4079e-03
-1.4042e-03
-1.0640e-03
4.4682e-04
4.4682e-04
6.1300e-04
1.1427e-03
-1.4680e-04
-1.8873e-03
-6.9653e-03
-1.2613e-02
-1.1777e-02
-1.4327e-02
-1.3237e-02
-1.0208e-02
-1.6543e-02
-2.3522e-02
-2.7086e-02
-3.4656e-02
-3.4493e-02
-1.5173e-02
-1.8303e-02
-2.4648e-02
-1.0292e-02
-3.5686e-03
-3.5686e-03
-1.0584e-04
3.1525e-04
-1.5098e-03
-3.7493e-03
-7.7307e-03
-1.1574e-02
-1.7229e-02
-2.0171e-02
-1.9501e-02
-1.5586e-02
-1.8489e-02
-2.4577e-02
-3.6561e-02
-4.5268e-02
-5.5211e-02
-5.9230e-02
-4.3171e-02
-5.2272e-02
-1.4046e-02
-6.5218e-03
-6.5218e-03
-1.0533e-03
-1.1141e-03
-3.3719e-03
-5.3792e-03
-8.2376e-03
-1.1112e-02
-1.7644e-02
-2.1665e-02
-2.2679e-02
-1.9655e-02
-2.2017e-02
-2.8895e-02
-4.2841e-02
-5.2255e-02
-7.7020e-02
-1.2240e-01
-8.4907e-02
-1.1583e-01
-2.7306e-02
-1.4513e-02
-1.4513e-02
-3.1199e-03
-5.4762e-03
-6.4428e-03
-7.6370e-03
-9.5338e-03
-1.1687e-02
-1.9354e-02
-2.5447e-02
-2.9137e-02
-2.9138e-02
-2.7435e-02
-3.8602e-02
-3.2356e-02
-3.0568e-02
-4.6463e-02
-6.8652e-02
-3.5387e-02
-4.0606e-02
-3.4656e-02
-1.8663e-02
-1.8663e-02
-3.1521e-03
-6.5231e-03
-8.2718e-03
-9.9139e-03
-1.2427e-02
-1.5365e-02
-2.3860e-02
-3.2063e-02
-3.8754e-02
-4.4639e-02
-4.4048e-02
-5.1860e-02
-4.4102e-02
-4.0899e-02
-6.1884e-02
-9.8488e-02
-4.2355e-02
-4.2971e-02
-3.0694e-02
-1.8334e-02
-1.8334e-02
-2.0441e-03
-4.2990e-03
-6.5031e-03
-8.1978e-03
-1.6177e-02
-2.1145e-02
-3.0534e-02
-4.2124e-02
-4.9100e-02
-6.2388e-02
-6.8484e-02
-7.4329e-02
-6.6077e-02
-7.1760e-02
-1.4767e-02
-1.5930e-02
-2.9909e-02
-4.4195e-02
-3.8433e-02
-2.2895e-02
-2.2895e-02
-2.6366e-03
-5.7837e-03
-8.6250e-03
-1.0511e-02
-1.9927e-02
-2.7020e-02
-3.7289e-02
-5.1548e-02
-6.6038e-02
-7.6204e-02
-9.3304e-02
-1.4186e-01
-9.7785e-02
-1.2236e-01
-8.0293e-03
5.4106e-03
-5.5213e-03
-3.3868e-02
-5.6037e-02
-3.5133e-02
-3.5133e-02
-5.2716e-03
-1.2186e-02
-1.1588e-02
-1.3330e-02
-1.8511e-02
-2.5628e-02
-3.6240e-02
-5.7916e-02
-4.2658e-02
-4.2707e-02
-1.7504e-02
-1.7637e-02
-2.7595e-02
-2.8837e-02
6.9046e-03
2.6509e-02
3.4537e-01
-1.1580e-01
-6.5507e-02
-5.2229e-02
-5.2229e-02
-5.4508e-03
-1.3164e-02
-1.2900e-02
-1.4379e-02
-2.0632e-02
-2.8253e-02
-3.8305e-02
-5.9046e-02
-5.1666e-02
-5.7094e-02
-2.8217e-02
-2.6186e-02
-2.3746e-02
-1.8948e-02
2.0851e-02
3.5320e-02
2.4937e-01
-1.4679e-01
-6.8059e-02
-6.0372e-02
-6.0372e-02
-3.5129e-03
-8.3432e-03
-1.1986e-02
-1.2941e-02
-2.0089e-02
-2.8495e-02
-3.2621e-02
-4.1899e-02
-5.0160e-02
-7.0009e-02
-3.8723e-02
-3.6878e-02
-1.9414e-02
-5.6936e-03
3.5253e-02
3.9948e-02
2.4257e-02
-3.1875e-01
-8.1373e-02
-7.4330e-02
-7.4330e-02
-3.3290e-03
-7.5762e-03
-1.1595e-02
-1.2451e-02
-1.9277e-02
-2.6885e-02
-3.0203e-02
-3.4781e-02
-4.5045e-02
-6.4970e-02
-4.1927e-02
-4.1394e-02
-1.9807e-02
-2.1840e-03
3.7510e-02
4.1791e-02
-2.4799e-02
-2.5865e-01
-9.3582e-02
-9.1581e-02
-9.1581e-02
1.5165e-04
1.8432e-04
-4.5996e-06
-1.6700e-04
4.8553e-04
2.6082e-03
-1.4265e-03
-7.8645e-03
-7.3216e-03
-5.2667e-03
-2.7464e-03
1.0041e-03
-2.4410e-03
-9.8169e-03
-4.9820e-03
-2.5862e-04
-7.1581e-04
-7.2099e-03
-3.3775e-03
-1.3500e-03
-1.3500e-03
1.1300e-04
1.3260e-04
-4.9181e-05
-2.2617e-04
-4.8277e-05
9.1459e-04
-1.6938e-03
-6.8610e-03
-7.7148e-03
-5.8975e-03
-3.3872e-03
4.8294e-05
-1.8654e-03
-7.2146e-03
-4.9730e-03
-2.3202e-03
-1.9356e-03
-7.4906e-03
-4.1557e-03
-1.7936e-03
-1.7936e-03
3.0346e-05
9.6728e-06
-2.6322e-04
-5.2133e-04
-9.5702e-04
-1.3339e-03
-3.5528e-03
-6.0388e-03
-7.2542e-03
-6.1210e-03
-4.8210e-03
-2.0185e-03
-1.8774e-03
-3.9548e-03
-5.4786e-03
-7.3820e-03
-5.6299e-03
-8.5834e-03
-5.6221e-03
-2.4749e-03
-2.4749e-03
-4.5244e-05
-1.1760e-04
-5.1313e-04
-8.6872e-04
-1.6775e-03
-2.4597e-03
-4.8124e-03
-6.4204e-03
-7.1099e-03
-5.5189e-03
-6.4787e-03
-7.1764e-03
-3.9891e-03
-2.2606e-03
-3.1835e-03
-7.0672e-03
-6.5814e-03
-7.8421e-03
-5.2866e-03
-2.6322e-03
-2.6322e-03
-1.3598e-04
-2.9890e-04
-8.6806e-04
-1.3192e-03
-2.8274e-03
-4.2314e-03
-6.9058e-03
-8.3465e-03
-4.4196e-03
-1.9332e-03
-6.1882e-03
-1.5143e-02
-7.8466e-03
-6.7797e-05
6.1062e-04
-5.8962e-03
-5.9382e-03
-5.7489e-03
-3.3050e-03
-1.5499e-03
-1.5499e-03
-1.6150e-04
-3.7113e-04
-9.5838e-04
-9.8561e-04
-3.5546e-03
-6.1799e-03
-9.7638e-03
-1.2501e-02
-5.7768e-03
-1.8158e-03
-4.6583e-03
-1.3830e-02
-1.0863e-02
-3.3305e-03
-7.1437e-04
-6.9980e-03
-5.8364e-03
-4.5254e-03
-1.7982e-03
-3.4294e-04
-3.4294e-04
-8.5118e-06
-1.4791e-04
-5.9220e-04
5.4870e-04
-3.2967e-03
-9.5444e-03
-8.7003e-03
-1.1242e-02
-8.7955e-03
-2.8574e-03
-2.4685e-03
-5.1037e-03
-1.4723e-02
-1.7727e-02
-9.2221e-03
-6.2162e-03
-3.7900e-03
-1.8048e-03
2.3952e-04
1.2178e-03
1.2178e-03
4.2247e-04
4.9182e-04
-1.4954e-04
1.0716e-03
-3.4849e-03
-1.1129e-02
-1.0863e-02
-1.3508e-02
-1.0640e-02
-4.7784e-03
-4.8160e-03
-7.6775e-03
-1.7415e-02
-2.5508e-02
-1.6455e-02
-4.0826e-03
1.3613e-03
5.6565e-03
3.0443e-03
1.6852e-03
1.6852e-03
5.7233e-04
1.7803e-03
1.2983e-03
1.5517e-03
-3.5436e-03
-1.2076e-02
-1.1971e-02
-1.5177e-02
-1.2732e-02
-6.7942e-03
-1.1084e-02
-2.0075e-02
-2.2142e-02
-2.7831e-02
-2.6511e-02
5.7677e-03
9.3499e-03
5.8292e-03
3.8040e-03
7.6478e-04
7.6478e-04
6.5241e-04
2.5375e-03
1.9595e-03
1.9969e-04
-4.7343e-03
-1.2381e-02
-1.2164e-02
-1.5265e-02
-1.3797e-02
-7.4104e-03
-1.2575e-02
-2.1760e-02
-2.7526e-02
-3.3381e-02
-3.6658e-02
4.4490e-04
6.2389e-05
-3.0469e-02
-7.9301e-03
-2.7437e-03
-2.7437e-03
-2.0495e-05
1.8121e-03
7.6486e-04
-2.7693e-03
-6.8802e-03
-1.0664e-02
-1.7348e-02
-2.0164e-02
-1.9041e-02
-1.0339e-02
-1.2369e-02
-2.0520e-02
-3.2188e-02
-3.9733e-02
-5.0583e-02
-5.4919e-02
-3.9617e-02
-7.4013e-02
-1.8257e-02
-8.2084e-03
-8.2084e-03
-1.2029e-03
-2.5561e-04
-1.6447e-03
-4.4933e-03
-7.5209e-03
-9.1196e-03
-1.6338e-02
-2.0489e-02
-2.1737e-02
-1.4116e-02
-1.5616e-02
-2.7966e-02
-3.7950e-02
-3.9647e-02
-7.1165e-02
-1.5528e-01
-9.0883e-02
-1.4707e-01
-3.3891e-02
-1.9275e-02
-1.9275e-02
-3.5638e-03
-7.2000e-03
-6.8529e-03
-6.8645e-03
-8.3273e-03
-7.7811e-03
-1.5269e-02
-2.2836e-02
-2.7342e-02
-2.2535e-02
-2.1012e-02
-4.3996e-02
-3.4886e-02
-2.0011e-02
-4.3529e-02
-1.0213e-01
-4.2737e-02
-4.6250e-02
-4.4839e-02
-2.5228e-02
-2.5228e-02
-2.9605e-03
-8.0166e-03
-9.1007e-03
-8.7038e-03
-1.0536e-02
-1.1236e-02
-1.8774e-02
-2.8277e-02
-3.5903e-02
-3.7182e-02
-3.5312e-02
-4.8569e-02
-4.6941e-02
-4.0027e-02
-6.3560e-02
-1.4187e-01
-5.2187e-02
-4.8665e-02
-3.6235e-02
-2.2500e-02
-2.2500e-02
-1.6010e-03
-3.8446e-03
-6.1490e-03
-7.0735e-03
-1.4194e-02
-1.7951e-02
-2.6850e-02
-3.8046e-02
-4.5306e-02
-5.6535e-02
-6.5529e-02
-4.5374e-02
-6.2438e-02
-1.0086e-01
-1.8800e-02
-2.1345e-02
-3.9957e-02
-5.1312e-02
-4.1500e-02
-2.4085e-02
-2.4085e-02
-2.4038e-03
-5.5760e-03
-7.9241e-03
-9.2154e-03
-1.7671e-02
-2.3249e-02
-3.4707e-02
-5.4016e-02
-6.8124e-02
-7.6202e-02
-9.9679e-02
-1.1787e-01
-1.0571e-01
-2.1589e-01
-1.3476e-02
1.7013e-02
-1.4311e-03
-4.1970e-02
-6.6976e-02
-4.2964e-02
-4.2964e-02
-5.1284e-03
-1.4937e-02
-1.2751e-02
-1.2468e-02
-1.7296e-02
-2.2543e-02
-3.6690e-02
-7.9564e-02
-5.3936e-02
-4.8308e-02
-1.8251e-02
-1.4234e-02
-3.0990e-02
-5.2256e-02
-1.2198e-03
5.8791e-02
1.6255e+00
-3.0689e-01
-8.7195e-02
-7.6114e-02
-7.6114e-02
-4.8194e-03
-1.5483e-02
-1.4274e-02
-1.3074e-02
-1.9236e-02
-2.5750e-02
-3.9289e-02
-7.6475e-02
-6.6055e-02
-6.6800e-02
-3.0515e-02
-2.3580e-02
-2.4197e-02
-3.7346e-02
1.4289e-02
7.2603e-02
1.5680e+00
-3.9948e-01
-9.9251e-02
-9.5419e-02
-9.5419e-02
-2.9744e-03
-9.2105e-03
-1.3149e-02
-1.0271e-02
-1.7366e-02
-2.9009e-02
-3.2772e-02
-2.7897e-02
-5.0256e-02
-8.7915e-02
-4.3384e-02
-4.1299e-02
-2.0895e-02
-1.2319e-02
3.8403e-02
6.5770e-02
3.9026e-01
-8.9083e-01
-1.3247e-01
-1.1985e-01
-1.1985e-01
-2.9795e-03
-8.0915e-03
-1.2291e-02
-9.7987e-03
-1.5644e-02
-2.7302e-02
-3.0394e-02
-1.9794e-02
-3.5541e-02
-7.7679e-02
-4.8338e-02
-4.9214e-02
-2.2925e-02
-5.6216e-03
4.2889e-02
6.1060e-02
6.3573e-02
-7.1196e-01
-1.4915e-01
-1.4500e-01
-1.4500e-01
2.7197e-04
3.5974e-04
8.4681e-05
-3.0776e-04
-5.0494e-04
2.7127e-04
-8.4456e-04
-3.1486e-03
-5.8579e-03
-3.0836e-03
-4.5608e-03
-6.5495e-03
-3.0705e-03
-4.2838e-03
-5.1588e-03
-2.5902e-03
3.3500e-04
-5.4856e-04
-1.3907e-03
-3.2659e-04
-3.2659e-04
2.1927e-04
2.9221e-04
6.7636e-05
-2.9183e-04
-5.3879e-04
2.4288e-04
-7.7976e-04
-3.4654e-03
-7.6632e-03
-4.7954e-03
-4.8591e-03
-5.7482e-03
-2.4957e-03
-3.9196e-03
-5.2402e-03
-2.1239e-03
1.2930e-04
-1.9115e-03
-3.0752e-03
-7.5990e-04
-7.5990e-04
1.1914e-04
1.5892e-04
-9.8698e-05
-4.4085e-04
-7.7854e-04
-4.8471e-04
-3.4585e-03
-7.1476e-03
-7.9387e-03
-6.3187e-03
-6.0432e-03
-6.5262e-03
-2.5586e-03
-2.9128e-03
-2.7376e-03
-1.3274e-03
-2.7488e-03
-4.1777e-03
-5.9240e-03
-2.1681e-03
-2.1681e-03
2.5614e-05
2.1363e-05
-3.2087e-04
-7.0931e-04
-1.1742e-03
-1.1786e-03
-4.7454e-03
-8.4976e-03
-8.3058e-03
-6.4412e-03
-6.8677e-03
-8.8405e-03
-4.0040e-03
-3.4083e-03
-1.4785e-03
-3.7415e-04
-2.6406e-03
-1.8889e-03
-4.5161e-03
-2.2907e-03
-2.2907e-03
-6.4636e-05
-1.3037e-04
-8.7229e-04
-1.5714e-03
-2.3244e-03
-2.6554e-03
-6.4340e-03
-1.0526e-02
-5.5442e-03
-3.2266e-03
-3.2725e-03
-7.6804e-03
-1.4187e-02
-6.2525e-03
1.3810e-03
4.6708e-04
9.8365e-05
4.4387e-03
8.9150e-04
-1.7806e-04
-1.7806e-04
-4.5389e-05
-2.0411e-05
-1.3248e-03
-2.4693e-03
-3.4938e-03
-4.8490e-03
-8.4915e-03
-1.2563e-02
-6.7466e-03
-3.3815e-03
-2.5526e-03
-7.7856e-03
-1.7277e-02
-8.9285e-03
1.0477e-03
-9.2509e-04
1.0555e-04
7.2535e-03
4.5995e-03
2.1764e-03
2.1764e-03
-4.4303e-05
8.6576e-05
-1.7123e-03
-3.3063e-03
-2.3788e-03
-4.6791e-03
-7.2912e-03
-8.1893e-03
-1.2822e-02
-6.8863e-03
-2.7851e-03
-5.7885e-03
-9.5596e-03
-1.2029e-02
-9.8737e-03
-6.4809e-03
-1.6772e-03
9.2058e-03
8.6459e-03
5.4348e-03
5.4348e-03
-1.1554e-04
-2.7732e-04
-1.7907e-03
-3.0151e-03
-2.6959e-03
-5.6809e-03
-9.2366e-03
-9.4067e-03
-1.3612e-02
-8.8067e-03
-4.4378e-03
-7.5536e-03
-1.1181e-02
-1.7178e-02
-2.1193e-02
-1.3755e-02
-2.6886e-03
1.4360e-02
1.6585e-02
8.3027e-03
8.3027e-03
-2.7171e-04
-1.0430e-04
-6.9723e-04
-2.1278e-03
-2.5899e-03
-6.0912e-03
-1.0192e-02
-1.1133e-02
-1.6179e-02
-1.2321e-02
-1.1063e-02
-1.7090e-02
-2.6978e-02
-3.5078e-02
-5.0376e-02
-4.0187e-02
-8.5977e-03
-4.7159e-03
1.5784e-03
6.4123e-04
6.4123e-04
-4.6150e-04
6.2314e-05
2.5741e-05
-2.7991e-03
-3.0337e-03
-6.5499e-03
-1.0892e-02
-1.2380e-02
-1.8906e-02
-1.4473e-02
-1.3529e-02
-2.2271e-02
-3.7852e-02
-5.2813e-02
-7.9156e-02
-9.5967e-02
-2.1864e-02
-3.4187e-02
-5.9430e-03
-2.1387e-03
-2.1387e-03
-1.0084e-03
-7.4666e-04
-5.5372e-04
-4.4257e-03
-7.5656e-03
-1.0269e-02
-1.6049e-02
-1.9313e-02
-2.2084e-02
-1.8827e-02
-1.2063e-02
-1.9025e-02
-2.9622e-02
-4.0810e-02
-5.4589e-02
-7.0842e-02
-1.7617e-02
-2.2317e-02
-2.6498e-02
-1.0207e-02
-1.0207e-02
-2.0169e-03
-2.6419e-03
-1.7967e-03
-5.3675e-03
-8.1917e-03
-1.0411e-02
-1.5814e-02
-2.1194e-02
-2.7009e-02
-2.5268e-02
-1.4556e-02
-2.1727e-02
-3.7180e-02
-4.8492e-02
-7.8101e-02
-1.1777e-01
-3.3647e-02
-3.4238e-02
-4.2584e-02
-2.0464e-02
-2.0464e-02
-1.6263e-03
-3.8080e-03
-6.5980e-03
-6.2764e-03
-8.4792e-03
-1.0585e-02
-1.0657e-02
-1.6878e-02
-2.5307e-02
-3.0342e-02
-2.1000e-02
-2.8835e-02
-5.6647e-02
-5.9302e-02
-2.5514e-02
-4.6194e-02
-6.2061e-02
-3.9742e-02
-3.6062e-02
-2.2164e-02
-2.2164e-02
-1.3573e-03
-3.8731e-03
-8.8074e-03
-6.6347e-03
-9.4987e-03
-1.2648e-02
-1.2643e-02
-1.9064e-02
-3.0448e-02
-4.1338e-02
-2.6998e-02
-3.3925e-02
-7.4427e-02
-8.7305e-02
-3.1110e-02
-5.4716e-02
-7.5338e-02
-4.3193e-02
-2.0477e-02
-1.5343e-02
-1.5343e-02
-1.1409e-03
-2.4190e-03
-4.5660e-03
-4.5148e-03
-1.1926e-02
-1.7710e-02
-2.3024e-02
-2.7899e-02
-4.6105e-02
-6.5062e-02
-9.8544e-02
-9.7607e-02
-1.9719e-02
-2.8158e-02
-3.5778e-02
-4.6572e-02
-6.3836e-02
-4.6704e-02
-2.3501e-02
-1.4494e-02
-1.4494e-02
-1.4006e-03
-2.5295e-03
-4.9792e-03
-6.2513e-03
-1.5713e-02
-2.2948e-02
-2.8508e-02
-3.6524e-02
-6.1620e-02
-8.3153e-02
-1.4922e-01
-2.4216e-01
-2.2224e-02
-3.0982e-02
-2.7663e-02
-2.0205e-02
-3.5329e-02
-4.3834e-02
-5.2634e-02
-3.4127e-02
-3.4127e-02
-1.4569e-03
-4.0570e-03
-1.2860e-02
-1.3494e-02
-2.1842e-02
-2.9518e-02
-3.6271e-02
-5.6312e-02
-1.2277e-01
-1.6906e-01
-9.8683e-02
-1.2289e-01
-2.0159e-02
-1.9618e-02
-1.9789e-02
1.8661e+00
9.7654e-03
-4.0562e-02
-1.1769e-01
-7.3732e-02
-7.3732e-02
-1.1927e-03
-4.4891e-03
-1.5644e-02
-1.5296e-02
-2.4401e-02
-3.3632e-02
-3.9561e-02
-6.4003e-02
-1.7276e-01
-2.8615e-01
-1.5314e-01
-1.7050e-01
-8.7236e-03
1.1344e-03
5.9080e-01
2.0503e+00
1.4948e-02
-4.2644e-02
-1.4299e-01
-9.1958e-02
-9.1958e-02
-1.1843e-03
-3.5350e-03
-1.3398e-02
-1.4160e-02
-1.7576e-02
-2.5017e-02
-3.9805e-02
-3.9990e-02
-1.8621e-02
-3.1466e-02
-4.9426e-02
-4.9737e-02
-1.6867e-02
2.0879e-03
1.4565e-02
3.5412e-02
2.8063e-02
-4.2597e-02
-6.6929e-01
-4.5505e-01
-4.5505e-01
-1.3473e-03
-3.8626e-03
-1.2582e-02
-1.2664e-02
-1.5245e-02
-2.4636e-02
-4.1567e-02
-2.8739e-02
-1.5176e-02
-3.3154e-02
-6.1762e-02
-5.6579e-02
-2.6122e-02
-7.3720e-03
1.9538e-02
4.2279e-02
2.9157e-02
-4.5380e-02
-7.8888e-01
-5.5037e-01
-5.5037e-01
3.7601e-04
5.1990e-04
2.1855e-04
-3.1373e-04
-1.2160e-03
-1.7017e-03
-1.9658e-03
-2.6167e-03
-2.8957e-03
5.7868e-04
-4.3467e-03
-1.5503e-02
-7.4677e-03
-1.7477e-03
-1.9986e-03
-5.2165e-03
-1.8130e-03
3.6865e-03
3.2949e-03
1.1219e-03
1.1219e-03
3.1140e-04
4.3670e-04
2.0835e-04
-2.8541e-04
-9.7220e-04
-6.8220e-04
-1.7580e-03
-3.2794e-03
-4.7857e-03
-2.3053e-03
-4.7271e-03
-1.3376e-02
-7.5169e-03
-2.3497e-03
-1.2274e-03
-2.4554e-03
-1.6670e-03
1.2143e-03
1.8668e-03
9.2153e-04
9.2153e-04
1.9196e-04
2.8218e-04
5.3681e-05
-3.8076e-04
-7.4198e-04
7.1581e-04
-2.9049e-03
-8.8767e-03
-7.9678e-03
-5.8704e-03
-6.9630e-03
-1.2243e-02
-7.3176e-03
-2.3818e-03
7.7622e-04
2.5636e-03
1.6509e-03
-2.6237e-03
-1.7797e-03
-1.8685e-05
-1.8685e-05
7.4506e-05
1.1920e-04
-1.5475e-04
-5.8912e-04
-8.7282e-04
5.2352e-04
-3.6477e-03
-1.1224e-02
-1.0122e-02
-6.8822e-03
-7.5436e-03
-1.1491e-02
-7.4613e-03
-4.3273e-03
7.9548e-04
4.2519e-03
5.2805e-03
1.8661e-03
-1.1331e-03
-3.3137e-04
-3.3137e-04
-4.2094e-05
-2.3980e-05
-7.7305e-04
-1.5932e-03
-1.8774e-03
-5.6888e-04
-4.8516e-03
-1.4346e-02
-8.1636e-03
-3.9019e-03
-3.4231e-03
-5.7085e-03
-1.1543e-02
-1.2874e-02
-2.4808e-03
4.5383e-03
9.8373e-03
1.5004e-02
8.7429e-03
2.1660e-03
2.1660e-03
2.5783e-05
4.2223e-04
-1.3406e-03
-3.6418e-03
-3.8474e-03
-3.4408e-03
-6.3828e-03
-1.3783e-02
-8.7033e-03
-4.5697e-03
-3.4671e-03
-5.6226e-03
-1.1514e-02
-1.4208e-02
-4.7874e-03
3.3859e-03
1.0834e-02
2.0331e-02
1.5241e-02
5.1305e-03
5.1305e-03
1.1520e-04
1.2430e-03
-1.4779e-03
-7.7708e-03
-4.7878e-03
-4.3778e-03
-5.2187e-03
-4.9649e-03
-1.0121e-02
-9.1215e-03
-5.6359e-03
-7.0987e-03
-8.6526e-03
-1.0209e-02
-9.8476e-03
-4.1168e-03
4.8837e-03
2.2541e-02
2.2330e-02
8.7531e-03
8.7531e-03
-2.6007e-04
-2.3817e-04
-2.2887e-03
-8.0779e-03
-6.0782e-03
-5.2898e-03
-5.8569e-03
-4.4300e-03
-8.0251e-03
-1.0177e-02
-7.6801e-03
-8.2689e-03
-1.0631e-02
-1.2788e-02
-1.8275e-02
-1.9931e-02
-8.7740e-03
2.2974e-02
3.6784e-02
1.5685e-02
1.5685e-02
-7.8262e-04
-3.5539e-03
-4.4554e-03
-6.1527e-03
-5.3837e-03
-5.5509e-03
-6.0728e-03
-6.1974e-03
-1.0826e-02
-1.3766e-02
-1.5031e-02
-1.2629e-02
-1.9690e-02
-2.9048e-02
-5.3723e-02
-1.0121e-01
-3.9598e-02
-2.0249e-02
2.6984e-04
6.0152e-04
6.0152e-04
-9.5385e-04
-4.7385e-03
-5.6101e-03
-6.6016e-03
-5.1915e-03
-5.6834e-03
-6.7092e-03
-7.9544e-03
-1.5508e-02
-1.8410e-02
-1.9990e-02
-2.0043e-02
-3.2582e-02
-5.8006e-02
-1.1132e-01
-2.8919e-01
-8.3589e-02
-6.5916e-02
-1.0354e-02
-5.6412e-03
-5.6412e-03
-1.2139e-03
-5.4272e-03
-6.3343e-03
-7.0795e-03
-9.1273e-03
-1.0108e-02
-1.2626e-02
-1.6470e-02
-2.3822e-02
-2.8041e-02
-2.0879e-02
-2.2969e-02
-3.8173e-02
-5.7326e-02
-9.2377e-02
-1.6195e-01
-4.2440e-02
-1.9158e-02
-1.5615e-02
-1.1225e-02
-1.1225e-02
-1.4083e-03
-6.3385e-03
-6.6615e-03
-7.0108e-03
-9.0690e-03
-1.1569e-02
-1.5272e-02
-2.0736e-02
-3.2300e-02
-4.1817e-02
-2.6039e-02
-2.3697e-02
-5.2029e-02
-8.4392e-02
-1.4768e-01
-2.6174e-01
-5.9482e-02
-2.0793e-02
-8.9445e-03
-1.1792e-02
-1.1792e-02
-1.0186e-03
-3.1578e-03
-6.5752e-03
-5.6821e-03
-8.6811e-03
-1.3893e-02
-1.3432e-02
-1.6883e-02
-2.8930e-02
-5.2687e-02
-3.5075e-02
-2.2297e-02
-6.3776e-02
-1.2975e-01
-5.2995e-02
-8.6087e-02
-8.1222e-02
-1.8245e-02
7.6477e-03
-4.8421e-03
-4.8421e-03
-1.0941e-03
-2.5443e-03
-5.4299e-03
-4.0927e-03
-8.5215e-03
-1.5119e-02
-1.5400e-02
-1.7251e-02
-2.9767e-02
-5.4346e-02
-4.0369e-02
-3.8757e-02
-9.1124e-02
-1.7164e-01
-6.5435e-02
-9.3828e-02
-7.8657e-02
-1.7101e-02
1.5419e-02
4.4772e-04
4.4772e-04
-1.2457e-03
-2.0663e-03
-2.8364e-03
-1.2772e-03
-8.7940e-03
-1.8350e-02
-2.3181e-02
-1.9038e-02
-3.4073e-02
-5.9486e-02
-1.1806e-01
-2.2700e-01
-3.1651e-02
-3.2371e-02
-5.5734e-02
-8.0007e-02
-7.4241e-02
-3.8422e-02
-3.5097e-03
-3.8910e-03
-3.8910e-03
-1.1422e-03
-8.5325e-04
-2.6416e-03
-2.7193e-03
-1.2561e-02
-2.3951e-02
-2.6693e-02
-1.9056e-02
-3.6629e-02
-6.8849e-02
-1.8474e-01
-6.1876e-01
-2.9225e-02
2.4731e-03
-1.8615e-02
-6.0798e-02
-8.7642e-02
-6.2584e-02
-3.0499e-02
-1.7342e-02
-1.7342e-02
-5.2936e-04
1.2787e-03
-3.2865e-03
-9.2684e-03
-2.0804e-02
-3.2218e-02
-3.3629e-02
-2.3171e-02
-5.3667e-02
-1.0716e-01
-1.2023e-01
-2.6041e-01
-2.9972e-02
4.3948e-02
4.5179e-01
-5.3612e-01
-8.8557e-02
-8.6121e-02
-7.1138e-02
-3.7729e-02
-3.7729e-02
-3.2560e-04
1.5074e-03
-3.7009e-03
-1.0991e-02
-2.4644e-02
-3.6649e-02
-3.8965e-02
-3.3167e-02
-8.2013e-02
-2.0127e-01
-1.7403e-01
-2.9963e-01
-1.1768e-02
6.6628e-02
6.3826e-01
-1.2479e+00
-8.5419e-02
-7.8841e-02
-7.4408e-02
-3.9953e-02
-3.9953e-02
-4.4668e-04
1.1807e-03
-3.5657e-03
-1.1497e-02
-2.1082e-02
-2.6756e-02
-4.2952e-02
-4.8166e-02
-2.2101e-02
-3.4880e-02
-5.4995e-02
-6.1158e-02
-2.3806e-02
3.0923e-02
1.4880e-02
-5.8838e-02
-9.6880e-02
-3.3863e-02
-2.3166e-01
-1.6005e-01
-1.6005e-01
-6.0391e-04
4.2640e-04
-3.3939e-03
-1.0830e-02
-2.0168e-02
-2.6159e-02
-4.4136e-02
-5.0390e-02
-2.7951e-02
-4.3385e-02
-6.2724e-02
-6.3149e-02
-3.5220e-02
-4.5433e-03
-3.3957e-03
-3.8203e-02
-5.0016e-02
-1.4086e-02
-2.5185e-01
-1.8268e-01
-1.8268e-01
5.7494e-04
8.3419e-04
5.3753e-04
-1.2843e-04
-1.6273e-03
-2.7102e-03
-2.3093e-03
-2.3282e-03
-3.5050e-03
-3.3113e-03
-1.2993e-03
-3.4349e-03
-1.0677e-02
-7.7010e-03
-2.0227e-03
-3.1095e-03
-2.3274e-03
4.2971e-03
3.8325e-03
1.2833e-03
1.2833e-03
4.7602e-04
7.1199e-04
5.5105e-04
-7.3205e-05
-1.6102e-03
-2.6788e-03
-2.2301e-03
-2.5185e-03
-4.0125e-03
-3.5452e-03
-1.7412e-03
-4.8214e-03
-1.2977e-02
-7.4287e-03
-8.8755e-04
-2.2696e-03
-2.8801e-03
1.9560e-03
3.3987e-03
1.2160e-03
1.2160e-03
3.2030e-04
5.1075e-04
4.0242e-04
-1.2614e-04
-1.6935e-03
-2.5824e-03
-1.7802e-03
-3.1282e-03
-6.6742e-03
-5.6609e-03
-6.0707e-03
-9.2343e-03
-1.2165e-02
-7.2995e-03
3.8744e-05
2.7916e-04
7.2740e-04
-6.6568e-04
-1.1680e-03
6.3391e-05
6.3391e-05
1.7161e-04
3.0760e-04
1.8312e-04
-3.0821e-04
-1.8412e-03
-2.5825e-03
-1.8975e-03
-4.0995e-03
-9.6595e-03
-7.4664e-03
-6.8860e-03
-9.3323e-03
-1.1470e-02
-7.7400e-03
2.2136e-04
2.3393e-03
2.7387e-03
-3.7182e-05
-2.8480e-03
-8.0804e-04
-8.0804e-04
-2.1550e-04
-2.7940e-04
-3.5674e-04
-6.6099e-04
-2.1018e-03
-2.9711e-03
-2.5211e-03
-5.8469e-03
-1.4000e-02
-9.6847e-03
-3.6095e-03
-4.5125e-03
-9.3135e-03
-9.5214e-03
-4.6101e-03
6.3441e-03
7.1973e-03
3.8107e-03
1.3806e-03
6.3437e-05
6.3437e-05
-5.5736e-04
-8.3654e-04
-7.9719e-04
-1.3252e-03
-3.0895e-03
-3.8181e-03
-3.3597e-03
-6.9045e-03
-1.5782e-02
-1.1064e-02
-4.0658e-03
-5.0988e-03
-8.1009e-03
-1.0124e-02
-8.4862e-03
5.5328e-03
7.3117e-03
3.1422e-03
2.3370e-03
5.0869e-04
5.0869e-04
-5.1493e-04
-1.0351e-03
-4.7621e-04
-1.7858e-03
-6.8823e-03
-5.5861e-03
-7.8799e-03
-9.7022e-03
-1.0766e-02
-1.1993e-02
-7.1648e-03
-7.8294e-03
-8.6830e-03
-1.0818e-02
-1.0786e-02
-4.0142e-03
-4.9448e-03
-6.4414e-03
9.8949e-04
6.7774e-05
6.7774e-05
-6.9877e-05
-7.1666e-04
-9.5538e-04
-2.9983e-03
-9.6923e-03
-7.1044e-03
-7.2954e-03
-8.2009e-03
-7.5205e-03
-1.1565e-02
-9.1429e-03
-8.8409e-03
-1.1505e-02
-1.4455e-02
-1.7201e-02
-1.8013e-02
-2.4689e-02
-2.7765e-02
-1.4164e-03
-7.7387e-04
-7.7387e-04
4.5598e-04
3.1139e-04
-4.3281e-03
-7.4894e-03
-5.6934e-03
-4.9336e-03
-3.7660e-03
-4.1582e-03
-8.8844e-03
-1.4027e-02
-1.6677e-02
-1.3056e-02
-1.4759e-02
-2.2731e-02
-3.5926e-02
-5.6565e-02
-7.5662e-02
-7.8701e-02
-1.2133e-02
-5.6040e-03
-5.6040e-03
7.8997e-04
7.2311e-04
-5.5624e-03
-8.5993e-03
-5.9472e-03
-5.1452e-03
-3.8618e-03
-4.0150e-03
-1.3615e-02
-2.1349e-02
-2.3658e-02
-2.0816e-02
-2.1624e-02
-3.6068e-02
-6.0919e-02
-1.0434e-01
-1.4476e-01
-1.2818e-01
-2.2949e-02
-1.4172e-02
-1.4172e-02
9.4824e-04
8.9583e-04
-5.5443e-03
-8.5210e-03
-1.0092e-02
-9.4124e-03
-8.7794e-03
-1.0478e-02
-2.6677e-02
-4.2335e-02
-2.8650e-02
-2.3498e-02
-4.5152e-02
-6.8447e-02
-1.0589e-01
-1.6276e-01
-2.3486e-01
-1.6314e-01
-2.1658e-02
-1.8916e-02
-1.8916e-02
1.0565e-03
5.7820e-04
-5.9182e-03
-7.7928e-03
-9.9876e-03
-1.1085e-02
-1.3636e-02
-1.8973e-02
-4.2825e-02
-7.8577e-02
-3.9200e-02
-2.6333e-02
-6.4355e-02
-1.1837e-01
-1.5595e-01
-2.4713e-01
-3.0047e-01
-1.6612e-01
-7.6211e-03
-1.2941e-02
-1.2941e-02
4.6881e-04
4.3824e-04
-5.7292e-03
-7.1382e-03
-1.0561e-02
-1.3650e-02
-1.9036e-02
-2.2999e-02
-3.9232e-02
-6.1789e-02
-5.8045e-02
-3.5679e-02
-2.3662e-02
-4.8701e-02
-6.2192e-02
-6.6847e-02
-2.6109e-01
-1.1280e-01
1.0815e-02
8.6126e-04
8.6126e-04
-4.8344e-04
-7.7609e-04
-4.7871e-03
-5.8309e-03
-9.1539e-03
-1.2642e-02
-2.0990e-02
-2.4589e-02
-4.1103e-02
-6.2161e-02
-6.9277e-02
-5.9075e-02
-3.5467e-02
-6.7490e-02
-9.0667e-02
-7.6931e-02
-2.0324e-01
-9.4203e-02
1.5318e-02
4.1765e-03
4.1765e-03
-2.5356e-03
-4.3699e-03
-5.9854e-03
-5.0707e-03
-8.2838e-03
-1.2175e-02
-2.5403e-02
-3.0953e-02
-3.6925e-02
-5.4703e-02
-8.1694e-02
-1.2675e-01
-5.8408e-02
-7.6011e-02
-8.1076e-02
-7.2611e-02
-5.0215e-02
-3.2209e-02
1.8001e-03
-2.1279e-04
-2.1279e-04
-2.3391e-03
-3.4855e-03
-6.1767e-03
-6.1336e-03
-1.1662e-02
-1.9155e-02
-3.0753e-02
-3.0459e-02
-3.4867e-02
-5.7314e-02
-1.0867e-01
-2.2154e-01
-7.7096e-02
-5.0539e-02
-4.1095e-02
-6.1888e-02
-7.3976e-02
-5.0172e-02
-1.0768e-02
-5.9943e-03
-5.9943e-03
-1.8774e-03
-2.5843e-04
-2.4355e-03
-7.5833e-03
-2.2438e-02
-4.0661e-02
-4.5934e-02
-4.2118e-02
-4.2253e-02
-7.3524e-02
-4.2162e-02
-6.5236e-02
-3.2789e-01
8.2520e-02
4.2228e-02
-5.6864e-02
-1.4146e-01
-8.3634e-02
-1.3155e-02
-8.2349e-03
-8.2349e-03
-2.8163e-03
-1.5470e-03
-1.5586e-03
-6.9474e-03
-2.5105e-02
-4.4334e-02
-5.6679e-02
-6.2833e-02
-5.9235e-02
-1.1001e-01
-5.5895e-02
-8.0291e-02
-2.4816e-01
1.7397e-01
6.4129e-02
-6.5334e-02
-1.7146e-01
-7.4312e-02
4.8786e-04
-2.4023e-03
-2.4023e-03
-5.2277e-03
-6.5721e-03
-4.1288e-03
-5.7641e-03
-1.9361e-02
-2.8551e-02
-5.9912e-02
-9.0197e-02
-3.3368e-02
-4.6160e-02
-7.0542e-02
-8.2014e-02
-4.4536e-02
7.4356e-03
3.0063e-02
-4.3618e-02
-6.1365e-01
-1.3991e-01
1.0744e-01
2.9913e-02
2.9913e-02
-4.9856e-03
-6.3578e-03
-4.1163e-03
-6.5736e-03
-1.7676e-02
-2.6590e-02
-5.6237e-02
-8.7918e-02
-4.5036e-02
-6.0541e-02
-7.5858e-02
-8.2167e-02
-4.2671e-02
-1.1285e-02
-5.7833e-03
-5.3789e-02
-3.4120e-01
-3.8202e-03
1.7536e-01
4.6190e-02
4.6190e-02
7.4034e-04
1.1063e-03
8.1526e-04
5.7574e-05
-1.7524e-03
-3.0466e-03
-2.2256e-03
-1.9864e-03
-4.6562e-03
-8.9089e-03
-2.4755e-03
3.6651e-03
-2.7582e-04
-1.2654e-02
-5.9700e-03
-1.6685e-03
7.8089e-04
4.4796e-03
2.7499e-03
7.3053e-04
7.3053e-04
6.0699e-04
9.4208e-04
8.6538e-04
1.9158e-04
-1.8694e-03
-3.9628e-03
-2.5368e-03
-1.8553e-03
-3.8463e-03
-6.6376e-03
-3.1473e-03
2.5317e-04
-2.0464e-03
-1.0957e-02
-5.8777e-03
-2.2423e-03
2.2389e-04
2.1705e-03
2.0849e-03
7.3804e-04
7.3804e-04
4.1961e-04
6.9228e-04
7.2892e-04
2.3583e-04
-2.1931e-03
-5.9751e-03
-3.5548e-03
-1.2748e-03
-2.9930e-03
-5.4033e-03
-5.8904e-03
-5.9707e-03
-6.7164e-03
-1.0381e-02
-5.4254e-03
-2.1981e-03
-3.4319e-04
6.3588e-04
2.0146e-04
-9.8311e-05
-9.8311e-05
2.5932e-04
4.7188e-04
4.9208e-04
5.9430e-05
-2.4076e-03
-6.2884e-03
-3.9536e-03
-1.6374e-03
-4.0538e-03
-7.5371e-03
-6.7258e-03
-6.4716e-03
-7.8320e-03
-9.6989e-03
-4.4545e-03
4.7727e-04
2.2184e-04
-1.3484e-03
-2.0012e-03
-1.3751e-03
-1.3751e-03
-2.7717e-04
-3.8833e-04
-5.0891e-05
-1.9099e-05
-2.3356e-03
-6.3609e-03
-4.6390e-03
-3.0861e-03
-6.9744e-03
-1.2659e-02
-6.1196e-03
-2.8244e-03
-6.5535e-03
-8.0559e-03
-3.8392e-03
9.7680e-03
5.4268e-03
-1.3119e-02
-4.2328e-03
-1.9383e-03
-1.9383e-03
-1.0330e-03
-2.0618e-03
-7.5545e-04
6.8299e-04
-1.7724e-03
-4.9421e-03
-4.7589e-03
-4.9455e-03
-9.6913e-03
-1.4499e-02
-7.7785e-03
-4.4999e-03
-6.1412e-03
-7.9518e-03
-4.2203e-03
1.1523e-02
5.0614e-03
-2.3163e-02
-7.5248e-03
-3.9761e-03
-3.9761e-03
-1.2780e-03
-4.6541e-03
-1.6999e-03
9.3215e-04
-3.7879e-05
-3.2188e-03
-7.5858e-03
-1.2996e-02
-1.2545e-02
-1.5049e-02
-9.8793e-03
-8.2732e-03
-8.8713e-03
-1.1589e-02
-9.8609e-03
3.5361e-03
-9.0919e-03
-4.2214e-02
-1.2928e-02
-6.9688e-03
-6.9688e-03
9.4712e-05
-2.3307e-03
-2.2835e-03
-8.4957e-04
-1.2843e-03
-4.3363e-03
-6.8730e-03
-1.2065e-02
-1.2088e-02
-1.3742e-02
-1.0323e-02
-8.0819e-03
-1.1920e-02
-1.6009e-02
-1.8730e-02
-1.1896e-02
-3.6836e-02
-9.4321e-02
-2.0421e-02
-1.0966e-02
-1.0966e-02
1.2883e-03
3.5005e-03
-9.8611e-04
-9.5112e-03
-4.9837e-03
-3.8209e-03
-3.5548e-03
-3.3446e-03
-9.7512e-03
-1.3550e-02
-1.5364e-02
-7.6384e-03
-1.3659e-02
-2.4156e-02
-3.8583e-02
-5.3698e-02
-8.4827e-02
-1.7005e-01
-3.8444e-02
-1.8623e-02
-1.8623e-02
1.9028e-03
5.6608e-03
1.4185e-03
-1.0868e-02
-7.0568e-03
-4.5592e-03
-2.8418e-03
-9.6770e-04
-1.0543e-02
-2.1548e-02
-2.2756e-02
-1.3337e-02
-2.0425e-02
-3.7604e-02
-6.6987e-02
-1.0721e-01
-1.3605e-01
-2.0581e-01
-4.8465e-02
-3.0408e-02
-3.0408e-02
2.3260e-03
6.6347e-03
3.2028e-03
-9.8952e-03
-1.2687e-02
-8.9536e-03
-5.7029e-03
-1.4386e-03
-1.9658e-02
-5.4643e-02
-3.4257e-02
-1.4369e-02
-3.9624e-02
-7.5546e-02
-9.7227e-02
-1.4849e-01
-1.8420e-01
-2.2859e-01
-5.4791e-02
-3.7041e-02
-3.7041e-02
2.6013e-03
6.8070e-03
3.5038e-03
-8.3742e-03
-1.2354e-02
-1.0756e-02
-1.1154e-02
-1.3059e-02
-4.3209e-02
-1.3288e-01
-5.3560e-02
-1.8526e-02
-6.4327e-02
-1.6714e-01
-1.3198e-01
-1.4099e-01
-1.8702e-01
-2.2265e-01
-5.1921e-02
-3.4466e-02
-3.4466e-02
1.7786e-03
5.6220e-03
3.6503e-03
-7.5988e-03
-1.3531e-02
-1.4212e-02
-1.9673e-02
-2.6760e-02
-5.3351e-02
-9.9051e-02
-8.9261e-02
-4.0589e-02
-3.2057e-02
-7.5082e-02
-6.0119e-02
-1.0054e-02
-7.0297e-02
-1.8360e-01
-3.9476e-02
-2.4632e-02
-2.4632e-02
3.9391e-05
2.4919e-03
5.8044e-04
-7.6702e-03
-1.2099e-02
-1.1199e-02
-2.1541e-02
-3.1156e-02
-6.0493e-02
-1.0172e-01
-1.0284e-01
-7.5354e-02
-5.4425e-02
-1.0553e-01
-8.1150e-02
-1.4051e-02
-1.0510e-04
-1.9346e-01
-3.4848e-02
-1.7362e-02
-1.7362e-02
-2.9958e-03
-5.7455e-03
-8.1056e-03
-9.8403e-03
-1.2334e-02
-5.2933e-03
-1.7598e-02
-4.1040e-02
-5.6066e-02
-8.3007e-02
-1.1359e-01
-1.6979e-01
-8.4410e-02
-1.3408e-01
-9.1256e-02
-5.1464e-02
-1.7377e-02
-3.5289e-02
-3.3330e-02
-1.0509e-02
-1.0509e-02
-2.6181e-03
-5.6489e-03
-1.0656e-02
-1.0954e-02
-1.6937e-02
-1.6556e-02
-2.3053e-02
-4.1332e-02
-5.6746e-02
-9.0895e-02
-1.4892e-01
-2.7219e-01
-1.0078e-01
-1.2768e-01
-9.0341e-02
-7.6258e-02
-3.7551e-02
-1.6323e-02
-9.4547e-03
-5.3220e-03
-5.3220e-03
-2.6159e-03
-6.2788e-04
-4.0821e-03
-7.6306e-03
-2.3422e-02
-5.4115e-02
-5.6223e-02
-6.1505e-02
-7.1891e-02
-1.3310e-01
-5.4595e-02
-7.2907e-02
-3.6053e-01
-3.2463e-01
-5.4711e-02
-8.5676e-02
-7.4992e-02
-1.0509e-02
1.8669e-02
3.2058e-03
3.2058e-03
-4.7920e-03
-5.2937e-03
-4.0184e-03
-4.0670e-03
-2.2065e-02
-5.6082e-02
-7.4668e-02
-1.1170e-01
-1.0531e-01
-1.8945e-01
-7.3276e-02
-8.9290e-02
-2.4210e-01
-2.1340e-01
-3.0482e-02
-7.9468e-02
-8.8173e-02
3.5018e-03
3.8762e-02
1.1057e-02
1.1057e-02
-9.9509e-03
-2.0288e-02
-1.3774e-02
7.4750e-04
-1.0769e-02
-2.8228e-02
-6.9855e-02
-1.8948e-01
-5.0714e-02
-6.3475e-02
-9.2276e-02
-1.0953e-01
-5.2011e-02
-3.0826e-02
-1.9960e-02
-2.4857e-02
-1.9015e-01
1.4878e-03
1.5134e-01
6.7691e-02
6.7691e-02
-9.1715e-03
-2.0528e-02
-1.7526e-02
-3.2166e-03
-6.1605e-03
-2.3027e-02
-5.9520e-02
-1.6774e-01
-6.6093e-02
-8.1415e-02
-9.3542e-02
-1.0849e-01
-5.3823e-02
-2.5218e-02
-1.6282e-02
-9.9117e-03
-2.5445e-02
1.9247e-02
1.1491e-01
5.7631e-02
5.7631e-02
1.0196e-03
2.1228e-03
1.4118e-03
2.4913e-04
-2.0686e-03
-4.1474e-03
-2.0058e-03
-9.2208e-04
-3.6089e-03
-7.9096e-03
-5.3883e-03
3.9722e-03
2.9287e-03
-2.5769e-03
-8.1150e-03
-2.8244e-03
-3.1200e-03
-5.6840e-03
-1.1518e-03
-7.6763e-04
-7.6763e-04
7.6676e-04
1.4911e-03
1.4969e-03
7.6346e-04
-1.5996e-03
-3.7161e-03
-2.4936e-03
-1.6528e-03
-3.0270e-03
-6.2869e-03
-5.9170e-03
2.0173e-03
2.6227e-03
-3.3202e-03
-1.0773e-02
-4.0916e-03
-3.0641e-03
-6.7458e-03
-1.0862e-03
-6.9049e-04
-6.9049e-04
4.9185e-04
8.6280e-04
1.2979e-03
1.3052e-03
-1.0686e-03
-3.9573e-03
-6.7357e-03
-4.1056e-03
-1.8361e-03
-4.3536e-03
-4.3409e-03
-1.7344e-03
-4.5091e-03
-1.0385e-02
-1.2730e-02
-4.9596e-03
-4.0652e-03
-7.7413e-03
-4.6586e-03
-2.7860e-03
-2.7860e-03
3.1137e-04
7.1752e-04
1.0208e-03
1.0959e-03
-1.0101e-03
-4.1021e-03
-7.4475e-03
-4.6427e-03
-1.8172e-03
-5.2593e-03
-5.0994e-03
-2.9222e-03
-9.0576e-03
-1.4610e-02
-1.2266e-02
-2.6242e-03
-2.1019e-03
-8.1186e-03
-5.4173e-03
-3.8964e-03
-3.8964e-03
1.9801e-04
4.2473e-04
4.0394e-04
1.9835e-04
-1.3980e-03
-4.0956e-03
-7.5739e-03
-5.4556e-03
-3.7675e-03
-9.0083e-03
-1.2571e-02
-5.0379e-03
-8.8759e-03
-1.6938e-02
-1.3441e-02
-2.8959e-03
5.5156e-04
-4.9546e-03
-6.6644e-03
-3.1137e-03
-3.1137e-03
-3.2962e-05
-2.4850e-04
-4.4232e-04
-9.1957e-05
-1.2415e-03
-3.6942e-03
-7.0521e-03
-6.0025e-03
-5.8926e-03
-1.2033e-02
-1.6974e-02
-9.4802e-03
-9.1795e-03
-1.5867e-02
-1.6431e-02
-9.6350e-03
-4.8061e-04
-6.7818e-03
-1.2009e-02
-5.8831e-03
-5.8831e-03
-1.1285e-04
-8.3648e-04
-3.5888e-03
-3.9943e-04
5.8679e-04
-1.0976e-03
-2.6659e-03
-4.3694e-03
-1.4595e-02
-1.8097e-02
-2.1097e-02
-1.7837e-02
-1.5837e-02
-1.7087e-02
-2.1652e-02
-2.0478e-02
-4.5033e-03
-1.1727e-02
-1.7794e-02
-9.6957e-03
-9.6957e-03
1.3389e-04
-6.3732e-04
-5.1030e-03
-2.8536e-03
5.9968e-04
-8.3178e-04
-2.7185e-03
-4.8103e-03
-1.5970e-02
-1.6691e-02
-2.2442e-02
-2.2181e-02
-2.1367e-02
-2.4805e-02
-2.7503e-02
-2.7466e-02
-1.0192e-02
-2.3844e-02
-2.9769e-02
-1.4102e-02
-1.4102e-02
7.3495e-04
2.3042e-03
-1.0192e-04
-3.6295e-03
-6.2348e-03
-1.5495e-03
-4.0083e-03
-6.5378e-03
-1.2045e-02
-1.3848e-02
-2.3049e-02
-2.7682e-02
-8.8682e-03
-1.2030e-02
-1.2603e-02
-1.3563e-02
-1.9699e-02
-3.2102e-02
-1.6920e-01
-9.0145e-02
-9.0145e-02
8.3937e-04
3.7071e-03
1.8737e-03
-3.7118e-03
-1.0151e-02
-2.9441e-03
-3.0135e-03
-5.1903e-03
-1.0962e-02
-1.8678e-02
-2.9041e-02
-3.4352e-02
-1.1296e-02
-1.4772e-02
-1.8503e-02
-2.2293e-02
-2.8729e-02
-3.7048e-02
-1.9842e-01
-1.2057e-01
-1.2057e-01
1.0370e-03
4.3761e-03
3.0560e-03
-2.6567e-03
-1.3865e-02
-7.3614e-03
-5.9758e-03
-6.4591e-03
-5.1663e-03
-1.1386e-02
-4.3701e-02
-4.2713e-02
-1.6219e-02
-2.1645e-02
-2.2802e-02
-2.5820e-02
-1.4203e-01
-1.8075e-01
-2.2037e-01
-1.3869e-01
-1.3869e-01
1.2973e-03
5.2602e-03
3.6165e-03
-2.1899e-03
-1.5162e-02
-1.2256e-02
-1.1727e-02
-1.3727e-02
-9.2195e-03
-1.7764e-02
-6.4760e-02
-4.3084e-02
-2.2433e-02
-4.1041e-02
-3.4931e-02
-1.8818e-02
-1.0945e-01
-1.8416e-01
-2.4195e-01
-1.5353e-01
-1.5353e-01
1.0362e-03
6.2154e-03
5.4472e-03
-2.7392e-03
-1.6232e-02
-2.0380e-02
-2.4234e-02
-2.7913e-02
-4.7870e-02
-6.8297e-02
-2.8687e-01
-2.4291e-01
-4.0835e-02
-6.7519e-02
-2.0657e-01
-1.3438e-02
9.8928e-03
-3.9111e-02
-5.8481e-02
-3.6603e-02
-3.6603e-02
-7.4975e-04
3.5156e-03
2.9652e-03
-4.8432e-03
-1.7243e-02
-2.1585e-02
-3.1274e-02
-4.1863e-02
-5.2526e-02
-6.8039e-02
-3.7227e-01
-5.6318e-01
-6.5504e-02
-1.0374e-01
-2.0795e-01
-2.2873e-02
1.7338e-02
-4.6134e-02
-6.6365e-02
-2.8658e-02
-2.8658e-02
-2.0369e-03
-2.9452e-03
-9.4813e-03
-1.3148e-02
-2.0960e-02
-2.2247e-02
-1.0466e-02
-1.8869e-02
-2.0079e-02
-2.0836e-02
-2.5620e-02
-4.3736e-02
-9.9123e-02
-1.3083e-01
-2.2697e-01
-7.8004e-02
-2.2975e-02
-1.2725e-01
-1.9825e-01
-7.3476e-02
-7.3476e-02
-3.2313e-03
-5.6293e-03
-1.6489e-02
-2.0238e-02
-2.8570e-02
-3.8630e-02
-1.2884e-02
-2.0088e-02
-2.5525e-02
-2.7685e-02
-3.3557e-02
-5.1565e-02
-1.1094e-01
-1.3074e-01
-2.9830e-01
-1.5274e-01
-6.3277e-02
-9.4849e-02
-7.5169e-02
-3.9363e-02
-3.9363e-02
-7.2938e-03
-1.1266e-02
-5.4272e-03
-9.1732e-03
-1.2499e-02
-1.7556e-02
-7.3091e-02
-8.3391e-02
-2.9894e-02
-4.0221e-02
-5.0234e-02
-4.4608e-02
-2.6876e-01
-3.5467e-01
-3.8519e-01
-2.6048e-01
-8.6355e-01
-1.5075e-01
5.6456e-02
1.9767e-02
1.9767e-02
-7.8766e-03
-1.2884e-02
-5.7774e-03
-8.9170e-03
-1.3510e-02
-1.9233e-02
-9.0972e-02
-1.1413e-01
-3.9607e-02
-5.3755e-02
-7.2581e-02
-5.2684e-02
-1.4186e-01
-2.3548e-01
-3.4495e-01
-2.6103e-01
-7.7334e-01
3.7867e-01
1.3557e-01
6.4147e-02
6.4147e-02
-3.1605e-03
-6.5105e-03
-2.7716e-02
-2.4969e-02
-1.0335e-02
-1.8863e-02
-2.8957e-02
-4.6083e-02
-7.1088e-02
-6.8170e-02
-7.3916e-02
-5.9316e-02
-1.0554e-01
-1.0057e-01
-1.6774e-01
-1.1295e-01
-7.5853e-03
6.5328e-02
1.9705e-01
8.9069e-02
8.9069e-02
-2.6845e-03
-7.1367e-03
-3.1429e-02
-2.1199e-02
-7.2387e-03
-1.7242e-02
-2.9248e-02
-4.9134e-02
-1.0665e-01
-9.3160e-02
-6.4929e-02
-6.3919e-02
-1.4802e-01
-7.4079e-02
-5.4083e-02
1.8855e-02
9.9062e-02
5.9964e-02
9.9565e-02
6.1682e-02
6.1682e-02
1.1332e-03
3.7475e-03
2.7578e-03
3.2497e-04
-2.6985e-03
-6.3539e-03
-2.4107e-03
6.9898e-04
-1.2753e-03
-7.3230e-03
-5.2662e-03
1.0686e-03
1.6810e-03
1.6484e-03
3.8346e-04
7.2242e-04
-6.4434e-03
-2.0617e-02
-6.7439e-03
-3.2125e-03
-3.2125e-03
7.7777e-04
2.3558e-03
2.6851e-03
1.3320e-03
-1.6357e-03
-4.3624e-03
-2.6662e-03
-9.9327e-04
-1.4241e-03
-5.5679e-03
-4.5878e-03
2.2046e-03
1.5007e-03
1.3065e-04
-1.8887e-03
-1.1395e-03
-7.1305e-03
-2.0442e-02
-6.2867e-03
-3.1847e-03
-3.1847e-03
4.4408e-04
9.2367e-04
1.6041e-03
2.7799e-03
3.3987e-04
-2.3042e-03
-4.8833e-03
-6.1362e-03
-3.7171e-03
-3.7003e-03
-2.4275e-03
4.3965e-03
8.4841e-04
-8.9650e-03
-7.4358e-03
-4.0611e-03
-7.6322e-03
-2.1443e-02
-1.7358e-02
-8.0018e-03
-8.0018e-03
2.3424e-04
8.8884e-04
1.2308e-03
2.4815e-03
7.5239e-04
-1.7580e-03
-4.7222e-03
-6.9782e-03
-4.6380e-03
-3.3936e-03
-2.2943e-03
2.9692e-03
-5.0054e-03
-1.9901e-02
-1.2946e-02
-4.2829e-03
-4.4360e-03
-1.8107e-02
-1.5011e-02
-7.2883e-03
-7.2883e-03
4.5808e-04
1.0925e-03
8.4410e-04
4.6764e-04
-4.4047e-04
-1.8883e-03
-4.1583e-03
-6.5693e-03
-5.8986e-03
-4.8498e-03
-6.5827e-03
-1.3149e-03
-1.0757e-02
-3.0211e-02
-2.7183e-02
-1.6656e-02
-2.4766e-03
-3.5986e-03
-4.5279e-03
-2.3821e-03
-2.3821e-03
8.3493e-04
1.6136e-03
3.8338e-04
-8.7109e-04
-1.6211e-03
-2.5538e-03
-3.4354e-03
-4.2674e-03
-6.3209e-03
-7.8933e-03
-1.2115e-02
-9.5502e-03
-1.3953e-02
-2.6767e-02
-3.5392e-02
-4.1138e-02
-7.5101e-03
-2.9145e-03
-3.9185e-03
-2.6845e-03
-2.6845e-03
4.9285e-04
1.2422e-03
-3.0099e-05
-3.1531e-03
-1.3836e-03
-1.2971e-03
-1.1190e-03
-1.6202e-04
-7.9724e-03
-1.7979e-02
-2.2403e-02
-2.3960e-02
-2.2921e-02
-1.8984e-02
-3.4059e-02
-7.1108e-02
-1.7369e-02
-3.6677e-03
-2.3942e-03
-3.4942e-03
-3.4942e-03
2.5263e-04
6.1955e-04
-1.1533e-03
-5.3081e-03
-1.9175e-03
-1.6655e-04
-6.9535e-04
-1.1023e-03
-7.6202e-03
-1.5606e-02
-2.7917e-02
-3.7466e-02
-3.5422e-02
-3.5452e-02
-3.6611e-02
-6.3078e-02
-1.8678e-02
-6.2752e-03
-6.2313e-03
-5.6005e-03
-5.6005e-03
-6.8106e-04
-2.5612e-03
-1.7573e-03
-2.5004e-03
-3.9837e-03
3.2835e-03
4.9724e-04
-7.9170e-03
-1.1243e-02
-8.1630e-03
-3.0669e-02
-6.5146e-02
-2.0225e-02
-1.8250e-02
-1.5811e-02
-8.3147e-03
-1.3347e-02
-1.0288e-02
-3.9396e-02
-3.2974e-02
-3.2974e-02
-1.1663e-03
-4.0307e-03
-2.0643e-03
-1.3710e-03
-2.8706e-03
3.5295e-03
1.4924e-04
-1.0727e-02
-1.5417e-02
-1.1957e-02
-3.7431e-02
-8.3011e-02
-2.5846e-02
-1.9740e-02
-1.7691e-02
-6.2584e-03
-1.2500e-02
-1.6584e-02
-4.7109e-02
-3.4684e-02
-3.4684e-02
-1.5367e-03
-4.6071e-03
-2.0416e-03
4.7029e-04
-2.6499e-03
8.0381e-04
-3.0347e-03
-1.6783e-02
-8.4817e-03
-6.9505e-03
-4.2708e-02
-9.9382e-02
-3.3682e-02
-1.9920e-02
-1.4920e-02
-1.0344e-02
-6.4070e-02
-1.2889e-01
-9.1664e-02
-4.8902e-02
-4.8902e-02
-1.7131e-03
-3.8578e-03
-1.5419e-03
1.2092e-03
-5.0941e-03
-9.0904e-03
-1.0473e-02
-1.8419e-02
-1.1328e-02
-1.0864e-02
-4.3439e-02
-8.7947e-02
-3.9274e-02
-2.8239e-02
-2.1049e-02
-1.7098e-02
-5.6141e-02
-1.3904e-01
-1.2264e-01
-7.2149e-02
-7.2149e-02
-2.1048e-03
-3.9184e-03
-2.0497e-03
2.5558e-03
-9.2947e-03
-2.7093e-02
-2.9950e-02
-2.5178e-02
-3.4428e-02
-4.0342e-02
-1.0547e-01
-2.1028e-01
-4.9839e-02
-4.9410e-02
-1.1169e-01
-1.4016e-01
-1.9514e-02
-3.2852e-02
-3.3868e-02
-1.8943e-02
-1.8943e-02
-1.7494e-03
-2.0994e-03
-2.8725e-03
-6.3388e-04
-1.3725e-02
-3.4191e-02
-4.6696e-02
-5.6627e-02
-3.5988e-02
-1.9476e-02
-1.1847e-01
-5.3504e-01
-7.2715e-02
-8.8025e-02
-1.0185e-01
-8.4269e-02
-2.3518e-02
-4.2948e-02
-3.6298e-02
-1.6253e-02
-1.6253e-02
-1.7477e-03
-1.5295e-03
-8.5177e-03
-1.4014e-02
-2.3209e-02
-4.3643e-02
-2.2443e-02
-3.3123e-02
-2.4441e-02
-6.9873e-03
-1.0106e-02
-4.3923e-02
-1.1173e-01
-1.1580e-01
-1.0357e-01
4.2061e-02
-2.7646e-02
-2.1843e-01
-1.5481e-01
-5.5487e-02
-5.5487e-02
-4.3452e-03
-8.7709e-03
-1.8635e-02
-3.0362e-02
-3.7106e-02
-6.3049e-02
-2.8224e-02
-3.9499e-02
-3.6217e-02
-2.3563e-02
-1.6035e-02
-2.4333e-02
-8.9425e-02
-1.0540e-01
-1.2322e-01
9.9395e-02
2.5556e-02
-2.7394e-01
-1.9359e-01
-6.1817e-02
-6.1817e-02
-1.1508e-02
-3.5663e-02
-1.4005e-02
-1.6684e-02
-1.8371e-02
-1.6713e-02
-1.1383e-01
-1.8771e-01
-4.9330e-02
-4.3443e-02
-2.4437e-02
1.0412e-02
-7.3982e-02
-2.5456e-01
-1.7493e-01
-1.5580e-02
2.8271e-01
-1.3856e+00
-1.3437e-01
-5.7832e-02
-5.7832e-02
-9.9453e-03
-3.0789e-02
-1.5032e-02
-1.9988e-02
-2.2869e-02
-1.7884e-02
-1.2026e-01
-2.3089e-01
-6.2215e-02
-5.5895e-02
-3.1246e-02
1.5551e-02
4.4608e-02
-1.2487e-01
-1.4403e-01
-5.8193e-02
-9.4281e-03
-4.6928e-01
-4.0345e-02
-2.1942e-02
-2.1942e-02
-1.5213e-03
-1.6485e-03
-3.4381e-02
-8.9754e-02
-2.6384e-02
-2.8447e-02
-4.1417e-02
-7.6680e-02
-8.7139e-02
-6.3691e-02
-2.7351e-02
1.1208e-02
6.7311e-02
-8.1059e-03
-5.1278e-02
-2.5046e-02
4.1558e-03
9.6983e-03
4.5162e-02
2.1084e-02
2.1084e-02
-6.4116e-04
-1.1325e-04
-2.1059e-02
-5.2265e-02
-2.5258e-02
-3.2334e-02
-4.8251e-02
-9.0000e-02
-1.1009e-01
-7.4188e-02
-2.3269e-02
5.1778e-03
5.6741e-02
1.4293e-02
2.5833e-03
1.8983e-02
4.5967e-02
3.3547e-02
3.9761e-02
2.3936e-02
2.3936e-02
-2.3234e-04
1.3007e-03
8.3106e-04
-1.6873e-03
-3.5348e-03
-5.0804e-03
-3.3512e-03
1.7303e-03
6.6900e-04
-5.1063e-03
-1.0405e-02
-7.4069e-03
-4.2115e-03
-3.5969e-03
-8.8051e-04
-1.0760e-04
-1.0617e-03
-5.4021e-03
-7.6848e-03
-3.7780e-03
-3.7780e-03
2.4698e-04
2.1932e-03
1.5251e-03
-8.9980e-04
-3.0153e-03
-4.5923e-03
-4.0417e-03
-2.1871e-05
9.7416e-04
-3.8424e-03
-1.0114e-02
-6.2375e-03
-4.1860e-03
-5.2369e-03
-1.1101e-03
1.4174e-04
-1.6335e-04
-4.5122e-03
-8.4978e-03
-3.8997e-03
-3.8997e-03
1.0914e-03
2.9696e-03
1.9596e-03
5.6029e-04
-1.2402e-03
-3.6300e-03
-3.2931e-03
-2.7178e-03
-3.4659e-03
-2.9676e-03
-6.8212e-03
-4.9704e-03
-4.6614e-03
-9.6233e-03
-4.3733e-03
-7.8725e-04
1.9945e-04
-2.2693e-03
-1.7494e-02
-7.8212e-03
-7.8212e-03
1.4644e-03
3.4835e-03
2.4630e-03
1.1181e-03
-3.4212e-04
-2.8422e-03
-2.8729e-03
-3.2680e-03
-5.9281e-03
-2.8554e-03
-5.7531e-03
-5.9667e-03
-6.3585e-03
-1.3056e-02
-8.0654e-03
-1.7766e-03
8.3017e-04
-9.7988e-04
-1.3653e-02
-5.2716e-03
-5.2716e-03
8.0619e-04
1.6892e-03
1.2977e-03
-1.6334e-05
-7.9987e-04
-1.9391e-03
-2.1175e-03
-2.8950e-03
-7.3285e-03
-4.6864e-03
-7.0603e-03
-1.0573e-02
-8.9012e-03
-1.5638e-02
-3.8922e-02
-1.9568e-02
-1.8075e-03
-1.5609e-03
-2.5673e-03
-1.1105e-03
-1.1105e-03
9.5074e-04
1.9728e-03
1.2334e-03
-6.0673e-04
-1.7668e-03
-2.2115e-03
-1.6599e-03
-1.6761e-03
-7.0257e-03
-7.2762e-03
-1.0886e-02
-1.5926e-02
-9.8650e-03
-1.5866e-02
-4.8119e-02
-4.2266e-02
-1.0131e-02
-4.6963e-03
-7.1009e-04
-7.5998e-04
-7.5998e-04
4.8652e-04
1.1703e-03
7.9858e-04
-1.1187e-03
-2.1893e-03
-1.6696e-03
-1.0692e-03
8.2876e-04
-5.4044e-04
-4.0944e-03
-2.0437e-02
-2.5581e-02
-3.3548e-02
-3.6849e-02
-1.4020e-02
-1.8528e-02
-7.6591e-02
-3.1877e-02
2.1385e-03
-2.6772e-04
-2.6772e-04
4.0578e-04
1.0573e-03
4.8563e-04
-2.2126e-03
-3.8015e-03
-1.9488e-03
-5.6828e-04
7.1540e-04
-1.8873e-04
-3.9125e-03
-2.6554e-02
-3.6677e-02
-4.4162e-02
-4.7625e-02
-1.4872e-02
-1.7459e-02
-7.8203e-02
-3.4575e-02
1.5235e-03
-1.6578e-03
-1.6578e-03
-4.9960e-05
-1.1129e-04
-2.8438e-03
-5.0800e-03
-1.0121e-02
-4.9149e-03
1.9788e-04
-8.4557e-04
-8.2234e-03
-9.7022e-03
-9.8821e-03
-1.7706e-02
-7.2780e-02
-6.8588e-02
-7.9074e-02
-5.9739e-02
-1.0628e-02
-6.5421e-03
2.7550e-03
-2.5850e-03
-2.5850e-03
-7.5376e-04
-1.8302e-03
-5.0637e-03
-4.8443e-03
-8.0737e-03
-6.5506e-03
-5.5807e-04
-2.2698e-03
-1.4697e-02
-1.5617e-02
-1.1480e-02
-2.2178e-02
-9.9800e-02
-8.0005e-02
-9.1541e-02
-8.5381e-02
-6.5192e-03
-1.0746e-02
3.5444e-04
-1.2554e-03
-1.2554e-03
-2.6481e-03
-5.3624e-03
-9.9089e-03
-5.2882e-03
-7.0013e-03
-1.2329e-02
-3.0155e-03
-6.0284e-03
-1.0637e-02
-8.9367e-03
-1.1865e-02
-2.3184e-02
-1.2627e-01
-9.5911e-02
-1.8303e-02
-1.9616e-02
-4.4150e-03
-1.7796e-02
-5.0882e-02
-1.1650e-02
-1.1650e-02
-3.3572e-03
-6.4358e-03
-1.0243e-02
-5.0257e-03
-7.8704e-03
-1.8139e-02
-6.0540e-03
-8.2658e-03
-1.5021e-02
-1.3304e-02
-1.0130e-02
-2.1175e-02
-1.5868e-01
-1.3489e-01
-1.6033e-02
-2.1575e-02
-7.2504e-03
-1.6801e-02
-7.3038e-02
-2.0299e-02
-2.0299e-02
-3.4563e-03
-7.0689e-03
-1.1488e-02
-7.1295e-03
-3.6013e-03
-8.8372e-03
-3.4961e-02
-3.2877e-02
-1.2895e-02
-1.5070e-02
-3.8636e-02
-6.8315e-02
-4.6179e-02
-4.0888e-02
-1.3573e-02
-2.8022e-02
-1.2184e-01
-6.6322e-02
-5.2614e-02
-1.7563e-02
-1.7563e-02
-2.9055e-03
-6.7754e-03
-1.2812e-02
-1.1631e-02
-4.9396e-03
-1.0571e-02
-4.9953e-02
-6.2241e-02
-1.4878e-02
-9.8347e-03
-3.6570e-02
-1.1721e-01
-6.5560e-02
-5.6080e-02
-1.1628e-02
-1.8520e-02
-1.2231e-01
-8.3325e-02
-4.5936e-02
-1.9728e-02
-1.9728e-02
-1.3432e-03
-2.2004e-03
-4.2915e-03
-7.7777e-03
-9.3834e-03
-1.4841e-02
-2.4759e-02
-2.8207e-02
-9.2968e-02
-3.7401e-02
-4.7370e-03
-2.6243e-02
-3.2244e-01
-2.4058e-01
-2.8303e-01
2.1404e-01
-1.0272e-02
-9.4334e-02
-8.6567e-01
-3.8035e-01
-3.8035e-01
-2.5691e-03
-4.9289e-03
-7.4526e-03
-1.1293e-02
-1.4325e-02
-1.8608e-02
-3.2762e-02
-3.5745e-02
-1.2992e-01
-1.0274e-01
-1.1113e-02
-1.5755e-02
-1.6845e-01
-1.2771e-01
1.9981e-02
8.8050e-01
3.0334e-02
-1.3820e-01
-1.7854e+00
-7.1129e-01
-7.1129e-01
-3.8115e-03
-9.2781e-03
-5.2294e-02
-5.5389e-02
-6.3476e-02
-5.6880e-02
-1.1853e-01
-1.8911e-01
-1.9685e-01
-1.6119e-01
-7.2357e-02
3.3543e-02
1.6317e-02
-8.9591e-03
-1.6483e-02
1.1058e-01
1.1052e-01
-1.5061e-01
-2.5230e-01
-8.3657e-02
-8.3657e-02
-3.2961e-03
-9.2528e-03
-6.4420e-02
-7.9436e-02
-7.6023e-02
-5.7816e-02
-1.1544e-01
-2.4148e-01
-2.5208e-01
-1.7807e-01
-3.8673e-02
7.1385e-02
3.4284e-02
4.7199e-03
1.4646e-03
6.8799e-02
4.9233e-02
-7.1855e-02
-1.4554e-01
-7.0621e-02
-7.0621e-02
-1.9292e-03
-3.3877e-03
-1.3310e-02
-2.6632e-02
-3.1233e-02
-2.3281e-02
-3.5913e-02
-6.7208e-02
-2.5884e-01
-1.5852e-01
-1.1839e-02
9.0983e-02
1.4561e-01
9.0479e-02
6.1629e-02
5.7395e-02
2.9821e-02
-1.3674e-02
-5.1187e-02
-3.2306e-02
-3.2306e-02
-1.3285e-03
-6.8573e-04
-6.9610e-03
-2.2248e-02
-3.7089e-02
-3.1369e-02
-4.4274e-02
-8.4117e-02
-2.6312e-01
-1.4600e-01
-6.2753e-03
1.0192e-01
1.6857e-01
1.0258e-01
8.4960e-02
6.0767e-02
3.2295e-02
8.1935e-03
-1.3271e-02
-1.0423e-02
-1.0423e-02
-2.4822e-03
-6.9258e-03
-3.4686e-03
-3.9917e-03
-4.3477e-03
-4.2059e-03
-1.4981e-03
2.6643e-03
1.3046e-03
-2.8537e-03
-1.0875e-02
-1.4223e-02
-1.0333e-02
-1.0216e-02
-4.9077e-03
-2.2636e-03
-6.1825e-04
-9.9197e-04
-2.7927e-03
-1.7379e-03
-1.7379e-03
-8.2132e-04
-2.1871e-03
-2.2742e-03
-3.7580e-03
-4.7770e-03
-4.7913e-03
-2.0362e-03
1.7786e-03
1.6520e-03
-1.5942e-03
-1.0929e-02
-1.5285e-02
-1.1881e-02
-1.4316e-02
-5.6718e-03
-2.2819e-04
2.4485e-03
2.8307e-03
-1.8499e-03
-1.6149e-03
-1.6149e-03
1.5281e-03
4.4685e-03
2.2963e-04
-7.5957e-03
-5.0568e-03
-6.4272e-03
-2.8247e-03
1.3218e-03
2.4377e-03
1.6919e-03
-8.3192e-03
-2.1137e-02
-1.5776e-02
-2.0730e-02
-1.0037e-02
1.9656e-03
7.7675e-03
8.6819e-03
7.0858e-03
-4.6897e-04
-4.6897e-04
2.8084e-03
6.0063e-03
3.1719e-03
-5.4820e-03
-4.3682e-03
-5.8800e-03
-2.8402e-03
1.3925e-03
1.4507e-03
1.0976e-03
-8.2715e-03
-2.3559e-02
-1.7741e-02
-2.1750e-02
-1.1767e-02
-1.4515e-04
7.7094e-03
9.3420e-03
1.3183e-02
3.8261e-03
3.8261e-03
1.1380e-03
2.9984e-03
2.1871e-03
-6.8488e-04
-2.9586e-03
-3.1467e-03
-1.3980e-03
1.4188e-03
5.0623e-04
-3.0812e-03
-1.1012e-02
-2.6278e-02
-1.9026e-02
-2.1300e-02
-3.8176e-02
-1.7483e-02
3.6602e-04
1.2435e-03
1.6622e-03
1.0474e-03
1.0474e-03
7.7455e-04
2.7786e-03
2.4428e-03
-2.8573e-04
-2.1145e-03
-2.2016e-03
-8.8230e-04
1.0856e-03
-2.3638e-05
-4.6725e-03
-1.3338e-02
-2.5742e-02
-1.7869e-02
-2.2464e-02
-4.5861e-02
-2.4244e-02
-5.9373e-03
-6.7135e-03
-3.0532e-03
-1.2279e-03
-1.2279e-03
2.1971e-04
6.9562e-04
5.5557e-04
-4.7627e-04
-1.6894e-03
-1.5667e-03
-1.0791e-03
3.3478e-04
-5.5578e-05
-5.2216e-04
-1.3480e-02
-2.3886e-02
-4.1540e-02
-6.1072e-02
-1.8177e-02
-9.3893e-03
-3.2362e-02
-4.9848e-02
-9.0352e-03
-4.4122e-03
-4.4122e-03
3.4758e-04
1.0881e-03
3.2702e-04
-1.0637e-03
-2.9291e-03
-3.5174e-03
-1.6219e-03
1.3294e-03
-1.8339e-04
-1.3192e-03
-1.4649e-02
-2.6135e-02
-3.9884e-02
-5.3730e-02
-1.9394e-02
-1.2999e-02
-3.3309e-02
-5.6336e-02
-1.1928e-02
-6.7066e-03
-6.7066e-03
5.6762e-04
3.3215e-03
4.9043e-04
-4.6317e-03
-1.3655e-02
-1.9100e-02
-4.1715e-03
3.8712e-03
2.1213e-03
-1.7136e-02
-9.0735e-03
-8.5856e-03
-4.1259e-02
-5.5027e-02
-8.4175e-02
-9.9096e-02
-1.2321e-02
-1.2838e-02
-9.7889e-03
-6.0747e-03
-6.0747e-03
-1.3437e-04
2.1977e-03
-6.4139e-04
-5.3851e-03
-1.6891e-02
-2.6408e-02
-6.8309e-03
2.7603e-03
2.5857e-03
-2.5819e-02
-1.2869e-02
-9.7449e-03
-4.5350e-02
-6.3397e-02
-1.1670e-01
-2.1040e-01
-2.0352e-02
-1.2572e-02
-5.2046e-03
-2.7262e-03
-2.7262e-03
-2.0366e-03
-2.1739e-03
-5.8721e-03
-1.0450e-02
-1.9581e-02
-3.9428e-02
-1.2499e-02
-3.3695e-03
-4.0029e-03
-1.1387e-02
-1.3779e-02
-9.2482e-03
-6.0524e-02
-9.6713e-02
-3.1864e-02
-5.0745e-02
-2.3155e-02
-7.0274e-03
-1.1351e-02
-2.7120e-03
-2.7120e-03
-2.6691e-03
-5.0101e-03
-9.3243e-03
-1.3633e-02
-2.0800e-02
-3.7480e-02
-1.4387e-02
-8.6880e-03
-1.1577e-02
-1.6460e-02
-1.1995e-02
-6.9509e-03
-9.0674e-02
-1.8774e-01
-2.9584e-02
-3.2694e-02
-1.3546e-02
-3.5469e-03
-6.5183e-03
-3.4901e-03
-3.4901e-03
-3.1455e-03
-6.8526e-03
-1.3630e-02
-2.2400e-02
-8.8776e-03
-7.1613e-03
-3.3606e-02
-4.6645e-02
-1.9168e-02
-2.0561e-02
-4.5534e-02
-4.0451e-02
-2.8441e-02
-4.7270e-02
-2.5747e-02
-1.6634e-02
-3.3629e-02
1.8937e-03
7.5982e-04
-4.3582e-04
-4.3582e-04
-2.8673e-03
-9.1549e-03
-1.7587e-02
-3.0234e-02
-1.0765e-02
-6.4854e-03
-2.9054e-02
-5.3688e-02
-2.1432e-02
-2.0858e-02
-5.2301e-02
-7.2392e-02
-3.1844e-02
-3.3019e-02
-1.4811e-02
-1.9696e-02
-5.1684e-02
2.9802e-02
1.5288e-02
-6.5294e-04
-6.5294e-04
-1.2037e-03
-3.2529e-03
-7.6648e-03
-1.1172e-02
-1.3492e-02
-1.1072e-02
-1.3837e-02
-1.6332e-02
-7.0529e-02
-7.6338e-02
-1.6803e-02
-2.2021e-02
-9.4213e-02
-1.4588e-02
1.5496e-03
-3.7460e-01
-4.7407e-02
3.7084e-03
1.1665e-01
-7.8069e-02
-7.8069e-02
-1.3247e-03
-2.0876e-03
-7.9444e-03
-1.0437e-02
-1.3680e-02
-1.3425e-02
-2.1338e-02
-2.2883e-02
-7.0663e-02
-9.2119e-02
-2.3881e-02
-2.5536e-02
-8.8867e-03
1.1912e-01
6.6697e-01
-1.5338e-02
-3.8486e-02
-3.5251e-02
-1.9351e-01
-1.6515e-01
-1.6515e-01
-1.2070e-03
-6.5992e-04
-2.9878e-02
-4.9462e-02
-4.4533e-02
-4.4764e-02
-9.5667e-02
-1.5069e-01
-1.0492e-01
-9.8651e-02
-1.0689e-01
-1.3285e-01
3.4949e-04
3.5154e-02
1.6934e-01
3.5657e-02
-1.7383e-02
-8.6177e-02
-7.7490e-02
-2.2990e-02
-2.2990e-02
-1.5717e-03
-1.6294e-03
-4.4100e-02
-9.5401e-02
-5.4531e-02
-3.0284e-02
-1.0197e-01
-2.1434e-01
-1.3592e-01
-9.8054e-02
-6.8659e-02
-8.8187e-02
-5.6993e-05
2.4353e-02
1.6970e-01
5.9892e-02
-7.9945e-03
-8.4135e-02
-8.2297e-02
-3.0279e-02
-3.0279e-02
-2.7671e-03
-4.9526e-03
-1.7223e-02
-3.4973e-02
-2.5033e-02
-6.6186e-03
-2.3151e-02
-5.1447e-02
-1.2999e-01
-8.0493e-02
-3.6301e-02
-1.3511e-02
2.6687e-02
9.6926e-02
1.5401e-01
6.8330e-02
8.3142e-03
-2.4870e-02
-3.6219e-02
-1.8848e-02
-1.8848e-02
-3.0885e-03
-5.6161e-03
-1.6414e-02
-3.2082e-02
-2.8210e-02
-1.3332e-02
-2.5502e-02
-5.2149e-02
-1.1454e-01
-7.6763e-02
-2.7766e-02
2.3676e-03
4.5575e-02
8.3967e-02
1.4913e-01
7.2370e-02
1.7954e-02
-6.2979e-04
-1.1276e-02
-6.5545e-03
-6.5545e-03
-2.9094e-03
-6.3637e-03
-1.1008e-02
-9.6505e-03
-1.0145e-02
-1.0391e-02
-5.1714e-03
-3.0541e-05
1.0043e-04
-2.3290e-03
-1.3298e-02
-2.1887e-02
-1.4250e-02
-1.3297e-02
-8.0686e-03
-6.0160e-03
-3.5196e-03
-2.4363e-03
-1.4782e-03
-7.8466e-04
-7.8466e-04
-1.5227e-03
-3.9360e-03
-9.6940e-03
-9.9925e-03
-1.0628e-02
-1.0274e-02
-5.0296e-03
2.4662e-04
7.1308e-04
-2.4478e-03
-1.3725e-02
-2.2452e-02
-1.5470e-02
-1.6134e-02
-9.4202e-03
-4.9311e-03
-1.0952e-03
3.3909e-04
1.8779e-04
-4.6055e-04
-4.6055e-04
6.7048e-06
7.5772e-04
-8.2838e-04
-3.4976e-03
-5.2870e-03
-4.8387e-03
-6.0568e-03
-7.0441e-05
6.8665e-04
-4.5627e-03
-5.6309e-03
-1.1185e-02
-1.9478e-02
-1.9295e-02
-3.5818e-02
-1.1105e-02
4.1267e-03
5.4964e-03
4.9875e-03
8.3404e-04
8.3404e-04
7.9027e-04
2.2749e-03
2.8175e-04
-2.9387e-03
-5.6987e-03
-4.7532e-03
-6.6711e-03
-5.8869e-05
5.6843e-04
-5.5434e-03
-5.9723e-03
-1.2563e-02
-2.2191e-02
-2.1251e-02
-3.7404e-02
-1.4053e-02
4.1063e-03
5.8062e-03
6.7173e-03
2.1485e-03
2.1485e-03
8.0163e-04
3.0342e-03
1.0477e-03
-1.5721e-03
-4.2442e-03
-3.5111e-03
-2.2353e-03
-3.5865e-04
-8.1549e-05
-3.5668e-03
-7.4072e-03
-1.3058e-02
-2.3442e-02
-2.2084e-02
-3.8331e-02
-3.0583e-02
-2.6042e-03
9.8826e-05
3.2597e-03
2.1157e-03
2.1157e-03
1.7857e-04
2.2821e-03
1.2491e-03
-1.1513e-03
-2.9644e-03
-2.8753e-03
-2.1783e-03
-8.5828e-04
-6.8928e-04
-3.7338e-03
-7.9169e-03
-1.2552e-02
-2.2351e-02
-2.2882e-02
-5.2891e-02
-5.1553e-02
-6.0598e-03
-4.5180e-03
-1.7910e-03
-6.9794e-04
-6.9794e-04
-2.3853e-04
2.5308e-04
1.3159e-04
-9.1584e-04
-2.5874e-03
-2.8501e-03
-2.7618e-03
-2.3807e-03
-2.4821e-03
-2.8707e-03
-5.9441e-03
-1.0179e-02
-1.6690e-02
-2.1917e-02
-2.4466e-02
-1.8123e-02
-4.5441e-03
-9.7703e-03
-1.2118e-02
-5.2770e-03
-5.2770e-03
-3.9423e-04
2.1851e-04
-7.1353e-05
-8.4896e-04
-2.8672e-03
-4.1695e-03
-4.2024e-03
-2.7351e-03
-3.2491e-03
-4.0704e-03
-5.3705e-03
-9.5262e-03
-1.4096e-02
-1.8763e-02
-2.6590e-02
-2.0407e-02
-3.9336e-03
-1.0752e-02
-1.6922e-02
-7.5017e-03
-7.5017e-03
-1.2732e-03
4.4893e-04
3.1459e-04
-1.4403e-03
-1.1186e-02
-1.7951e-02
-1.6105e-02
-5.5963e-03
-1.6598e-03
-9.1865e-03
-1.1968e-02
-9.1618e-03
-9.2772e-03
-1.3765e-02
-2.2389e-02
-2.6981e-02
-1.3189e-02
-8.4747e-03
-1.1761e-02
-6.2233e-03
-6.2233e-03
-1.7523e-03
-4.1842e-04
5.4847e-05
-2.3884e-03
-1.4994e-02
-2.4352e-02
-2.5668e-02
-1.0840e-02
-1.6018e-03
-1.2043e-02
-1.8375e-02
-1.1510e-02
-6.1124e-03
-1.2961e-02
-2.3382e-02
-3.7507e-02
-2.3435e-02
-5.8629e-03
-3.6226e-03
-2.1842e-03
-2.1842e-03
-1.1096e-03
-1.8769e-03
-2.3809e-03
-4.5704e-03
-7.5435e-03
-1.1246e-02
-4.3416e-02
-3.2473e-02
-6.8242e-03
-1.3872e-02
-1.8166e-02
-1.1958e-02
-4.8234e-03
-1.4284e-02
-2.4378e-02
-3.3758e-02
-9.1847e-01
7.8007e-02
2.1396e-01
9.6803e-02
9.6803e-02
-1.3780e-03
-2.7773e-03
-4.7844e-03
-6.5468e-03
-8.6765e-03
-1.0951e-02
-5.3025e-02
-5.4558e-02
-1.3624e-02
-1.9615e-02
-1.5977e-02
-9.2741e-03
-4.4590e-03
-2.1900e-02
-2.4695e-02
-2.0021e-02
-3.7183e-01
1.5197e-01
2.7493e-01
9.0411e-02
9.0411e-02
-1.8581e-03
-3.9552e-03
-7.9684e-03
-1.1348e-02
-1.1503e-02
-6.6252e-03
-9.3180e-03
-1.6319e-02
-2.2906e-02
-2.2498e-02
-4.7170e-02
-4.3120e-02
-6.1371e-03
-1.7490e-02
-7.3677e-01
-1.4679e-01
1.8584e-02
2.4158e-01
2.4671e-01
1.0210e-01
1.0210e-01
-2.0833e-03
-5.1117e-03
-1.1355e-02
-1.6770e-02
-1.5010e-02
-4.6702e-03
-4.4819e-03
-1.5872e-02
-2.4692e-02
-2.2578e-02
-4.5579e-02
-4.9508e-02
-6.3124e-03
-6.9667e-03
-2.8334e-01
-2.3734e-01
-9.0318e-02
3.7994e-01
3.6880e-01
1.1771e-01
1.1771e-01
-2.2688e-03
-4.8694e-03
-1.3176e-02
-1.8290e-02
-1.5263e-02
-5.8532e-03
-5.5072e-03
-1.2394e-02
-1.5201e-02
-2.1151e-02
-1.7991e-02
-1.0650e-02
-3.3712e-03
4.5225e-02
2.0635e-02
-2.9034e-02
-5.2333e-02
3.1688e-02
5.7612e-02
1.1995e-02
1.1995e-02
-2.1412e-03
-3.6594e-03
-1.1320e-02
-1.6675e-02
-1.2658e-02
-7.2393e-03
-1.0505e-02
-1.6607e-02
-1.1077e-02
-1.8176e-02
-2.1504e-02
-1.2613e-02
1.3919e-02
1.0028e-01
9.4288e-02
-7.2332e-03
-4.7171e-02
1.1948e-02
3.5312e-02
1.0493e-02
1.0493e-02
-1.9906e-03
-1.3916e-03
-5.0635e-03
-1.1897e-02
-1.0210e-02
-1.0586e-02
-1.7821e-02
-2.5903e-02
-6.0319e-02
-5.0944e-02
-6.7198e-02
-6.7889e-02
-1.8497e-01
7.5829e-01
1.6044e-01
3.5030e-02
-2.6882e-02
-4.4272e-03
-1.0632e-02
6.3837e-02
6.3837e-02
-3.0525e-03
-3.0259e-03
-3.8994e-03
-1.4338e-02
-1.3216e-02
-8.5423e-03
-1.8529e-02
-3.1640e-02
-7.6716e-02
-3.9489e-02
-4.3581e-02
-5.4503e-02
-4.6761e-01
2.3264e-01
1.2056e-01
4.6002e-02
-2.5868e-03
-4.4662e-03
-2.3859e-01
-8.0459e-02
-8.0459e-02
-4.8986e-03
-7.9246e-03
-7.6440e-03
-1.1747e-02
-2.3937e-01
-7.1525e-02
-1.4130e-02
-2.7679e-02
-6.0515e-01
-2.5971e-01
-3.2620e-01
-3.8081e-01
-3.2884e-01
-1.0783e-02
7.4910e-02
4.0410e-02
8.4192e-03
-3.3453e-03
-1.4422e-02
-7.7570e-03
-7.7570e-03
-5.1035e-03
-8.7296e-03
-1.0509e-02
-1.4353e-02
-2.4048e-01
-9.0843e-02
-1.3275e-02
-2.7452e-02
-4.0898e-01
-2.1094e-01
-2.4712e-01
-2.9388e-01
-2.4263e-01
-1.6072e-02
7.4216e-02
4.4375e-02
9.9749e-03
2.3688e-03
-3.1826e-03
-1.8872e-03
-1.8872e-03
-2.4156e-03
-4.2674e-03
-6.8187e-03
-7.5265e-03
-9.2409e-03
-1.3253e-02
-9.0591e-03
-6.0246e-03
-2.5564e-03
-1.7509e-03
-1.4220e-02
-3.1710e-02
-1.6530e-02
-1.3150e-02
-8.7086e-03
-8.0102e-03
-6.3586e-03
-4.9387e-03
-2.5338e-03
-1.3746e-03
-1.3746e-03
-1.5405e-03
-3.4958e-03
-6.5178e-03
-8.1326e-03
-8.3763e-03
-1.0398e-02
-7.9833e-03
-4.7887e-03
-2.6076e-03
-3.8164e-03
-1.5679e-02
-2.9920e-02
-1.5968e-02
-1.2429e-02
-8.5328e-03
-8.8051e-03
-7.0073e-03
-4.9989e-03
-2.2466e-03
-1.2971e-03
-1.2971e-03
-1.2814e-03
-3.1135e-03
-1.8144e-03
-2.5391e-03
-2.7102e-03
-1.4137e-03
-4.0809e-03
-4.4797e-03
-7.3476e-03
-1.6233e-02
-9.6616e-03
-1.2323e-02
-1.5865e-02
-1.0978e-02
-2.0174e-02
-2.9646e-02
-8.1016e-03
-4.8751e-03
-8.7571e-04
-8.6824e-04
-8.6824e-04
-1.3413e-03
-2.8912e-03
-2.1578e-03
-2.8606e-03
-3.0030e-03
-9.6355e-04
-2.3836e-03
-5.5013e-03
-8.7725e-03
-1.9111e-02
-1.1626e-02
-1.3400e-02
-1.6500e-02
-1.3181e-02
-2.0474e-02
-2.7547e-02
-8.3961e-03
-5.1893e-03
-2.8622e-04
-4.1308e-04
-4.1308e-04
-9.7700e-04
-2.0919e-03
-2.5432e-03
-3.3323e-03
-3.5106e-03
-2.5859e-03
-2.1564e-03
-3.0287e-03
-4.4442e-03
-7.1568e-03
-1.1873e-02
-1.3698e-02
-1.7990e-02
-1.7026e-02
-3.6796e-02
-4.5591e-02
-8.8192e-03
-4.6704e-03
1.7089e-04
9.2044e-05
9.2044e-05
-5.3848e-04
-1.5446e-03
-2.0891e-03
-3.0849e-03
-3.6101e-03
-3.5019e-03
-3.5406e-03
-3.8874e-03
-5.0241e-03
-6.7789e-03
-1.0747e-02
-1.2976e-02
-1.8126e-02
-1.8544e-02
-6.4150e-02
-1.1293e-01
-1.2690e-02
-2.6069e-03
2.4524e-03
6.6966e-04
6.6966e-04
-4.4371e-04
2.3219e-04
-1.0322e-03
-2.0210e-03
-3.4908e-03
-4.1948e-03
-4.9897e-03
-5.6232e-03
-6.5840e-03
-7.5118e-03
-9.7181e-03
-1.1866e-02
-1.5765e-02
-1.8141e-02
-2.5906e-02
-3.8184e-02
-1.7786e-02
-7.9285e-04
3.0420e-03
3.8375e-04
3.8375e-04
-1.1247e-03
-3.8241e-04
-4.8372e-04
-6.7612e-04
-3.0956e-03
-4.8235e-03
-6.3249e-03
-7.3502e-03
-8.3816e-03
-9.1126e-03
-1.0189e-02
-1.1973e-02
-1.4349e-02
-1.6556e-02
-2.7221e-02
-3.5325e-02
-1.2629e-02
-8.7873e-04
-1.6842e-04
-1.0941e-03
-1.0941e-03
-3.7304e-03
-7.7417e-03
-2.2158e-03
2.7840e-04
-5.5292e-03
-1.4937e-02
-1.4795e-02
-2.1894e-02
-1.1453e-02
-1.2586e-02
-1.4142e-02
-1.4460e-02
-1.1411e-02
-1.2231e-02
-1.9651e-02
-2.7989e-02
-1.1481e-02
-2.2203e-03
-1.9835e-03
-1.4930e-03
-1.4930e-03
-3.1951e-03
-9.3403e-03
-3.5266e-03
-9.5007e-04
-6.2829e-03
-1.6321e-02
-1.8217e-02
-2.7654e-02
-1.4016e-02
-1.5753e-02
-1.9176e-02
-2.1042e-02
-1.0586e-02
-9.6624e-03
-1.0700e-02
-1.5315e-02
-9.2746e-03
-8.0243e-04
3.4645e-05
-3.6520e-04
-3.6520e-04
-1.4108e-03
-3.2414e-03
-5.0319e-03
-4.3764e-03
-4.0877e-03
-3.9790e-03
-2.0512e-02
-3.9787e-02
-1.8793e-02
-1.9490e-02
-2.0936e-02
-2.6094e-02
-1.0609e-02
-2.9153e-03
-1.5669e-03
-5.6500e-07
-8.0703e-03
4.1185e-02
4.9872e-02
3.5397e-02
3.5397e-02
-1.8096e-03
-3.2382e-03
-5.9937e-03
-6.5084e-03
-5.8322e-03
-2.9394e-03
-2.2225e-02
-5.7148e-02
-2.2729e-02
-2.3650e-02
-1.9613e-02
-2.3909e-02
-4.9743e-03
6.4229e-03
3.0022e-03
3.3259e-03
5.0586e-02
6.0072e-02
5.7226e-02
3.1137e-02
3.1137e-02
-2.5398e-03
-4.5455e-03
-9.6771e-03
-1.2236e-02
-8.3827e-03
-3.7931e-03
-5.8690e-03
-1.5036e-02
-2.4745e-02
-2.2332e-02
-5.2425e-02
-8.2912e-02
-1.7968e-03
1.4053e-02
2.4648e-01
9.7130e-02
4.9519e-02
8.4990e-02
7.7338e-02
3.7035e-02
3.7035e-02
-3.1483e-03
-6.0010e-03
-1.5280e-02
-2.3339e-02
-1.2155e-02
-5.6235e-04
-3.3731e-03
-1.6737e-02
-2.2239e-02
-2.0137e-02
-3.2566e-02
-5.0423e-02
-8.0465e-04
1.5820e-02
3.0980e-01
7.6378e-02
4.3291e-02
6.4120e-02
9.6385e-02
5.3039e-02
5.3039e-02
-3.4685e-03
-6.7989e-03
-1.8787e-02
-3.1368e-02
-1.6934e-02
3.0089e-03
2.9105e-03
-1.8179e-02
-1.8982e-02
-1.7739e-02
-7.6910e-03
1.5264e-03
1.7037e-02
3.8015e-02
3.4210e-02
7.3471e-03
-5.3100e-03
1.5181e-02
1.9885e-02
1.2460e-02
1.2460e-02
-3.3873e-03
-6.4845e-03
-1.7345e-02
-2.9969e-02
-1.6491e-02
1.3376e-03
8.6897e-04
-1.7743e-02
-1.4227e-02
-1.3738e-02
-7.0863e-03
7.0330e-03
2.5837e-02
8.1162e-03
1.8950e-02
4.9351e-03
9.8891e-04
3.6055e-02
2.5246e-02
9.4053e-03
9.4053e-03
-3.8992e-03
-6.3660e-03
-8.6942e-03
-1.2754e-02
-1.1079e-02
-7.6632e-03
-9.5323e-03
-1.8603e-02
-4.0896e-02
-2.7712e-02
-1.0216e-02
3.0995e-02
1.4082e-01
-1.0435e-01
-9.6572e-03
-4.3168e-03
1.4166e-02
5.7629e-02
2.1343e-01
6.7815e-02
6.7815e-02
-5.9276e-03
-1.0885e-02
-3.1651e-03
2.4078e-03
-4.3156e-03
-1.2515e-02
-1.6908e-02
-1.7000e-02
-3.0502e-02
-1.3574e-02
-4.7078e-03
1.3218e-02
1.6426e-02
-1.6732e-01
-3.2245e-02
-1.3662e-02
1.8656e-02
5.8999e-02
2.5779e-01
8.1647e-02
8.1647e-02
-8.0083e-03
-1.6366e-02
-3.3275e-03
1.5134e-02
5.9844e-02
-9.2304e-02
-2.0099e-02
-1.1567e-02
-3.4183e-02
-1.3922e-03
-3.5754e-02
-1.1637e-01
-1.2984e-01
-2.5751e-01
-5.2304e-02
-2.6217e-02
5.6767e-03
2.5982e-02
2.4112e-02
1.0814e-02
1.0814e-02
-7.5520e-03
-1.5549e-02
-5.3315e-03
1.3252e-02
1.0038e-01
-5.0221e-02
-1.9714e-02
-1.2302e-02
9.0614e-03
-1.1950e-03
-3.3416e-02
-1.1102e-01
-1.3271e-01
-2.0197e-01
-5.1879e-02
-3.0084e-02
-3.2435e-03
8.9273e-03
9.9746e-03
5.4649e-03
5.4649e-03
-2.0533e-03
-3.6881e-03
-3.3733e-03
-2.5515e-03
-2.6486e-03
-3.3022e-03
-9.9979e-03
-1.1453e-02
-6.7921e-03
-5.7119e-03
-8.4902e-03
-1.5559e-02
-1.6140e-02
-1.0073e-02
-7.4222e-03
-8.1338e-03
-8.2443e-03
-7.3294e-03
-3.7318e-03
-2.0508e-03
-2.0508e-03
-1.7191e-03
-3.2633e-03
-3.8177e-03
-3.2478e-03
-2.9854e-03
-3.1631e-03
-1.0041e-02
-1.0359e-02
-6.5064e-03
-6.5564e-03
-8.1485e-03
-1.4402e-02
-1.7061e-02
-1.0125e-02
-6.9278e-03
-9.1162e-03
-1.0488e-02
-9.7704e-03
-4.4609e-03
-2.2401e-03
-2.2401e-03
-3.3458e-03
-6.4329e-03
-5.1315e-03
-4.3684e-03
-3.0508e-03
-1.3905e-03
-2.1581e-03
-4.2487e-03
-6.2639e-03
-8.9431e-03
-1.2315e-02
-1.3454e-02
-1.4007e-02
-8.1649e-03
-4.5624e-03
-1.1147e-02
-1.5656e-02
-1.2697e-02
-5.3234e-03
-2.5786e-03
-2.5786e-03
-3.4107e-03
-6.8153e-03
-6.2560e-03
-5.7801e-03
-3.1424e-03
-1.0465e-03
-1.1724e-03
-4.6507e-03
-6.8397e-03
-9.5087e-03
-1.5414e-02
-1.5109e-02
-1.2796e-02
-9.0925e-03
-5.1425e-03
-1.1521e-02
-1.6723e-02
-1.2362e-02
-5.1781e-03
-2.6135e-03
-2.6135e-03
-3.1813e-03
-6.5351e-03
-6.4220e-03
-6.8906e-03
-4.3590e-03
-2.7260e-03
-3.0500e-03
-5.7076e-03
-7.5947e-03
-8.1497e-03
-1.4275e-02
-1.5716e-02
-1.3370e-02
-1.0841e-02
-2.7689e-02
-4.3427e-02
-1.2563e-02
-1.0151e-02
-4.0933e-03
-2.0834e-03
-2.0834e-03
-2.7775e-03
-5.8391e-03
-5.8420e-03
-6.4515e-03
-5.0701e-03
-4.1267e-03
-4.9710e-03
-6.8237e-03
-8.1902e-03
-8.4418e-03
-1.2279e-02
-1.4478e-02
-1.4058e-02
-1.2735e-02
-4.0291e-02
-8.1988e-02
-1.6056e-02
-7.6027e-03
-8.2754e-04
-3.6272e-04
-3.6272e-04
-2.7711e-03
-4.0359e-03
-3.5756e-03
-4.4447e-03
-5.0317e-03
-5.4546e-03
-6.7192e-03
-7.9739e-03
-9.4696e-03
-1.0151e-02
-1.1830e-02
-1.3321e-02
-1.3769e-02
-1.4986e-02
-1.3804e-02
-1.9679e-02
-5.1689e-01
-8.9259e-02
1.7005e-02
9.0207e-03
9.0207e-03
-3.7168e-03
-5.4756e-03
-2.2586e-03
-2.6498e-03
-4.1942e-03
-5.9241e-03
-7.7929e-03
-9.3143e-03
-1.1277e-02
-1.1999e-02
-1.3189e-02
-1.4651e-02
-1.2987e-02
-1.3825e-02
-1.2675e-02
-1.5860e-02
-2.7020e-01
1.1744e-02
1.9013e-02
7.7378e-03
7.7378e-03
-1.8328e-03
-4.3216e-03
-4.5123e-03
-1.4693e-03
-2.6372e-03
-7.2939e-03
-9.5133e-03
-1.1201e-02
-1.5429e-02
-1.5076e-02
-1.4974e-02
-1.6572e-02
-1.0770e-02
-9.5561e-03
-6.3101e-03
-7.7958e-03
-9.9280e-02
7.4843e-02
1.3490e-01
5.4953e-02
5.4953e-02
-1.7164e-03
-4.4973e-03
-6.7016e-03
-2.6249e-03
-3.1704e-03
-8.9487e-03
-1.0357e-02
-1.1289e-02
-1.8601e-02
-1.8198e-02
-1.6854e-02
-1.9673e-02
-1.0781e-02
-5.9255e-03
1.5286e-03
2.7340e-03
-2.5194e-02
7.2950e-02
7.4072e-02
2.2872e-02
2.2872e-02
-1.7084e-03
-3.4691e-03
-6.9171e-03
-5.6636e-03
-5.8662e-03
-8.4391e-03
-8.2175e-03
-1.1289e-02
-2.0989e-02
-1.9866e-02
-1.6080e-02
-1.8359e-02
-3.5937e-02
4.6952e-03
4.0142e-02
6.0673e-02
8.8431e-02
4.5505e-02
3.2809e-02
1.3899e-02
1.3899e-02
-2.0173e-03
-3.6403e-03
-6.6660e-03
-7.2449e-03
-7.6619e-03
-7.5125e-03
-6.2080e-03
-1.3640e-02
-2.3507e-02
-1.9235e-02
-1.2524e-02
-1.3568e-02
-1.5499e-02
3.1441e-02
4.9358e-02
5.2900e-02
9.0742e-02
3.3440e-02
1.9949e-02
1.5355e-02
1.5355e-02
-2.7934e-03
-4.8218e-03
-8.1979e-03
-9.9572e-03
-8.0050e-03
-6.7231e-03
-8.0333e-03
-1.4957e-02
-1.9398e-02
-1.3084e-02
-2.0472e-02
-2.5744e-02
2.7093e-03
3.7440e-01
3.1648e-01
1.1095e-01
4.9703e-02
2.4385e-02
7.8824e-03
5.3504e-03
5.3504e-03
-3.6461e-03
-6.6788e-03
-1.1643e-02
-1.6570e-02
-1.0180e-02
-3.8884e-03
-6.7933e-03
-1.6858e-02
-1.4408e-02
-7.7727e-03
-4.7784e-03
-5.8086e-03
2.6776e-02
3.4945e-01
3.2472e-01
9.1385e-02
3.0917e-02
1.6248e-02
6.7825e-03
7.0657e-03
7.0657e-03
-4.0675e-03
-7.9813e-03
-1.4038e-02
-1.8620e-02
-1.5846e-01
-2.7862e-02
-5.9549e-04
-1.2757e-02
-4.3634e-02
-1.5698e-02
6.3754e-03
1.5426e-01
1.5601e-01
1.8728e-01
1.9208e-01
7.8654e-02
3.2192e-02
5.5402e-02
1.9299e-02
3.1258e-02
3.1258e-02
-3.7422e-03
-7.2886e-03
-1.3208e-02
-1.8050e-02
-1.6938e-01
-5.4223e-02
4.3094e-04
-8.2259e-03
-3.1008e-02
-1.3989e-02
8.3479e-03
2.0733e-01
1.8733e-01
6.2189e-02
2.1656e-02
2.0030e-02
7.7557e-02
1.3184e-01
8.0266e-02
3.0356e-02
3.0356e-02
-2.8131e-03
-5.2979e-03
-8.8525e-03
-1.4177e-02
-1.0837e-02
-6.9349e-03
-8.5358e-05
-3.6929e-03
-8.4709e-02
-6.5420e-02
2.3761e-02
1.8847e-01
1.6923e-01
-5.8398e-02
-2.1355e-01
-1.1413e-01
1.0360e-01
2.1822e-01
1.8367e-01
4.8613e-02
4.8613e-02
-2.9361e-03
-6.1792e-03
-5.2786e-03
-3.7859e-03
-4.3670e-03
-7.7796e-03
-6.6101e-03
-3.6787e-03
-4.3578e-02
-3.0717e-02
2.3584e-02
1.0583e-01
9.3876e-02
-8.6997e-02
-2.8311e-01
-1.8455e-01
9.1908e-02
2.3485e-01
2.3484e-01
7.7383e-02
7.7383e-02
-3.0345e-03
-6.3922e-03
-2.3198e-02
9.1651e-02
9.1678e-03
-7.4252e-03
-5.5367e-02
-9.4831e-03
1.4156e-02
-1.3367e-02
-2.8815e-03
-2.6358e-03
-2.8202e-02
-1.1396e-01
-3.4377e-01
-2.6246e-01
1.1690e-02
1.2978e-01
1.7953e-01
8.8498e-02
8.8498e-02
-2.8908e-03
-7.0189e-03
-2.9987e-02
1.0900e-01
1.6009e-02
-5.7485e-03
-7.3284e-02
-1.2332e-02
4.5793e-02
1.8978e-03
-2.4493e-03
-9.7850e-03
-7.4639e-02
-1.1987e-01
-4.0035e-01
-3.2918e-01
-3.8063e-02
6.6685e-02
1.1559e-01
5.1634e-02
5.1634e-02
-3.1921e-03
-6.1491e-03
-4.6178e-03
-9.8417e-04
1.3450e-04
9.3534e-04
-5.5779e-03
-1.6046e-02
-1.0293e-02
-9.9230e-03
-1.3127e-02
-1.9208e-02
-1.3199e-02
-3.9819e-03
-3.7063e-03
-7.2879e-03
-8.6228e-03
-8.2453e-03
-3.9045e-03
-2.2270e-03
-2.2270e-03
-2.8812e-03
-5.6525e-03
-5.5569e-03
-2.4750e-03
-9.0944e-04
-2.1068e-04
-5.4162e-03
-1.4425e-02
-9.7673e-03
-9.8919e-03
-1.2083e-02
-1.7012e-02
-1.4404e-02
-6.0561e-03
-4.1505e-03
-7.8837e-03
-1.0910e-02
-1.2760e-02
-5.5419e-03
-2.4149e-03
-2.4149e-03
-5.1504e-03
-1.0621e-02
-7.0437e-03
-5.5590e-03
-2.9697e-03
-2.0338e-03
-2.9679e-03
-5.7784e-03
-8.6566e-03
-9.0908e-03
-1.2191e-02
-1.4299e-02
-1.2009e-02
-7.6805e-03
-5.9346e-03
-1.0120e-02
-1.3859e-02
-1.7214e-02
-9.1903e-03
-3.0579e-03
-3.0579e-03
-4.7311e-03
-1.0230e-02
-8.2412e-03
-8.2763e-03
-4.4361e-03
-2.5471e-03
-3.6521e-03
-6.8201e-03
-8.1131e-03
-7.8527e-03
-1.3038e-02
-1.6080e-02
-1.1285e-02
-7.6904e-03
-7.9155e-03
-1.4079e-02
-1.4752e-02
-1.4688e-02
-8.3409e-03
-3.2622e-03
-3.2622e-03
-4.5710e-03
-1.0435e-02
-9.1550e-03
-1.0569e-02
-6.6814e-03
-2.7021e-03
-4.2971e-03
-9.2530e-03
-9.5720e-03
-6.1225e-03
-1.1537e-02
-1.8116e-02
-1.3271e-02
-6.2056e-03
-2.0940e-02
-5.4498e-02
-1.5233e-02
-1.1002e-02
-6.1314e-03
-3.0505e-03
-3.0505e-03
-4.4652e-03
-1.0243e-02
-8.7421e-03
-9.8612e-03
-7.1949e-03
-3.8986e-03
-5.3155e-03
-9.6325e-03
-1.0447e-02
-7.0522e-03
-1.0318e-02
-1.6381e-02
-1.4345e-02
-9.4567e-03
-1.3315e-02
-3.0481e-02
-1.1406e-02
-1.0741e-02
-7.1244e-03
-3.3065e-03
-3.3065e-03
-4.0606e-03
-1.0184e-02
-7.0562e-03
-6.7886e-03
-6.3069e-03
-6.0167e-03
-7.0447e-03
-9.0147e-03
-1.0622e-02
-1.0405e-02
-1.1379e-02
-1.3937e-02
-1.3638e-02
-1.6080e-02
-3.9815e-03
3.8831e-03
-1.3801e-02
-8.9291e-02
-2.8651e-02
-1.2362e-02
-1.2362e-02
-3.5737e-03
-1.1604e-02
-5.8466e-03
-4.5181e-03
-5.2850e-03
-6.6406e-03
-8.2241e-03
-9.5926e-03
-1.1460e-02
-1.2322e-02
-1.3872e-02
-1.7014e-02
-1.2786e-02
-1.4509e-02
-2.1539e-03
9.7354e-03
6.6845e-02
-1.5503e-02
-1.4285e-02
-7.4517e-03
-7.4517e-03
-1.6259e-03
-4.1937e-03
-5.9110e-03
-2.3878e-03
-4.5170e-03
-8.5672e-03
-9.2415e-03
-9.2330e-03
-1.2793e-02
-1.4531e-02
-1.5044e-02
-1.9441e-02
-1.2042e-02
-8.8036e-03
2.4005e-03
1.4869e-02
1.0834e-01
3.3260e-02
1.3901e-02
7.2109e-03
7.2109e-03
-1.9870e-03
-3.1673e-03
-5.7379e-03
-3.3355e-03
-6.8720e-03
-1.3938e-02
-1.0819e-02
-6.7356e-03
-1.2846e-02
-1.7597e-02
-1.4665e-02
-1.6306e-02
-9.1285e-03
-5.1081e-03
5.4022e-03
1.8185e-02
1.2188e-01
4.0610e-02
1.7374e-02
9.5028e-03
9.5028e-03
-2.0160e-03
-3.1575e-03
-5.8088e-03
-6.2572e-03
-1.0738e-02
-1.9486e-02
-1.4456e-02
-4.8188e-03
-8.7414e-03
-1.7410e-02
-1.2564e-02
-8.7253e-03
-1.3306e-02
2.4972e-03
3.1412e-02
6.5130e-02
1.1178e-01
3.7737e-02
1.4703e-02
1.0430e-02
1.0430e-02
-2.0852e-03
-3.5987e-03
-6.2458e-03
-7.5957e-03
-1.1827e-02
-1.8751e-02
-1.5561e-02
-1.0572e-02
-9.1785e-03
-1.1417e-02
-6.0713e-03
-1.3860e-03
1.7796e-03
1.1621e-02
2.6933e-02
4.6193e-02
8.2228e-02
1.7576e-02
4.6076e-03
9.6222e-03
9.6222e-03
-2.8639e-03
-4.8922e-03
-6.4896e-03
-7.2082e-03
-9.2850e-03
-1.2212e-02
-1.5781e-02
-2.0471e-02
-1.1816e-02
-1.5176e-03
1.5160e-02
2.8634e-02
7.5744e-02
5.8882e-02
6.2988e-02
4.5904e-02
2.2474e-02
-2.7350e-02
-1.2962e-02
-1.8353e-03
-1.8353e-03
-4.0465e-03
-7.7357e-03
-7.0836e-03
-5.7856e-03
-6.3693e-03
-8.7604e-03
-1.5906e-02
-2.1444e-02
-8.7502e-03
4.1259e-03
2.5562e-02
2.9132e-02
7.2140e-02
4.6802e-02
4.4583e-02
2.0798e-02
7.9573e-04
-2.9307e-02
-1.6615e-02
-6.1586e-03
-6.1586e-03
-4.6668e-03
-1.0344e-02
-8.3827e-03
-2.2211e-03
-1.2805e-02
-3.6829e-02
-1.2969e-02
-1.5731e-02
-1.3392e-02
2.5825e-02
9.5451e-02
5.1873e-02
3.6164e-02
2.2382e-02
1.9005e-02
6.3784e-03
-1.6787e-03
-6.0899e-03
-1.9041e-02
-9.4354e-03
-9.4354e-03
-4.0172e-03
-8.7975e-03
-8.0305e-03
-2.2472e-03
-6.8469e-03
-6.9715e-02
-9.8725e-03
-7.6773e-03
-3.9642e-03
1.7472e-02
5.9183e-02
2.9470e-02
2.0411e-02
2.3353e-03
-4.7754e-03
-6.0164e-03
5.2169e-03
6.7242e-03
3.7363e-03
2.4399e-03
2.4399e-03
-1.6937e-03
-3.5780e-03
-6.9008e-03
-1.0074e-02
-6.7302e-03
-1.1233e-02
-7.9628e-03
5.4784e-03
3.8913e-02
-1.4952e-03
3.7456e-03
1.0776e-02
1.0093e-02
-1.5517e-02
-3.6322e-02
-2.4341e-02
8.0731e-03
1.8462e-02
2.2144e-02
1.3075e-02
1.3075e-02
2.0202e-04
6.0213e-05
-4.5757e-03
-1.1853e-02
-1.0311e-02
-6.9019e-03
-3.2132e-03
7.6492e-03
3.9252e-02
-2.0700e-02
-1.5123e-02
1.5412e-03
3.3501e-03
-2.0032e-02
-4.8135e-02
-3.2198e-02
8.2604e-03
2.0537e-02
2.8395e-02
1.8097e-02
1.8097e-02
2.0921e-03
2.9341e-03
-3.9549e-03
-4.4182e-02
-9.1232e-03
-2.1173e-03
-2.9471e-03
1.1716e-02
9.1032e-03
-5.7334e-02
-2.1659e-02
5.8776e-03
1.2607e-02
-1.7835e-02
-5.6070e-02
-4.0879e-02
8.3050e-04
1.1752e-02
2.2348e-02
1.9447e-02
1.9447e-02
2.2846e-03
3.2915e-03
4.6087e-03
-1.9523e-02
-6.6863e-03
-2.2298e-03
-8.2041e-03
5.6938e-03
6.7338e-03
-5.3821e-02
-2.8972e-02
2.7628e-03
2.6585e-02
-1.1437e-02
-6.5265e-02
-4.8642e-02
-3.7491e-03
6.4012e-03
1.5135e-02
1.2934e-02
1.2934e-02
-2.4579e-03
-4.1455e-03
-1.0158e-02
-7.3959e-03
-1.9060e-03
-1.0393e-03
-2.1458e-03
-6.3666e-03
-1.0194e-02
-9.6595e-03
-1.1912e-02
-1.4042e-02
-2.6582e-02
-1.4213e-02
-6.4603e-03
-1.0985e-02
-7.7794e-03
-5.8842e-03
-2.6883e-03
-1.6933e-03
-1.6933e-03
-2.4141e-03
-4.6131e-03
-1.2364e-02
-8.7163e-03
-2.0360e-03
-1.6402e-03
-1.8634e-03
-6.1717e-03
-1.0823e-02
-9.9023e-03
-1.1724e-02
-1.4469e-02
-3.0549e-02
-1.5882e-02
-5.1217e-03
-1.0316e-02
-9.0871e-03
-8.6069e-03
-4.5443e-03
-1.8169e-03
-1.8169e-03
-2.3306e-03
-4.9529e-03
-7.4334e-03
-6.0707e-03
-4.1396e-03
-3.9059e-03
-3.7011e-03
-5.5520e-03
-8.9655e-03
-8.9707e-03
-1.0941e-02
-1.3277e-02
-9.6222e-03
-6.2974e-03
-6.2100e-03
-1.0333e-02
-1.0026e-02
-1.0385e-02
-2.5567e-02
-8.7652e-03
-8.7652e-03
-2.2189e-03
-4.9481e-03
-8.4985e-03
-7.7147e-03
-5.9457e-03
-5.1545e-03
-4.9924e-03
-6.2672e-03
-8.0211e-03
-7.9319e-03
-1.0540e-02
-1.3327e-02
-9.6821e-03
-6.0774e-03
-6.7366e-03
-1.0588e-02
-1.0234e-02
-9.4020e-03
-2.3758e-02
-9.9480e-03
-9.9480e-03
-2.1447e-03
-4.7950e-03
-9.0726e-03
-8.7313e-03
-1.7914e-02
-1.4341e-02
-5.4545e-03
-7.1207e-03
-1.8203e-02
-1.7635e-02
-9.0512e-03
-1.2066e-02
-3.0701e-02
-1.5298e-02
-1.1528e-02
-2.9096e-02
-1.3566e-01
-1.0556e-01
-7.7303e-02
-4.7331e-02
-4.7331e-02
-2.0573e-03
-4.7900e-03
-9.0143e-03
-8.6270e-03
-1.8580e-02
-1.5411e-02
-5.9742e-03
-8.0874e-03
-2.3594e-02
-2.6229e-02
-8.4462e-03
-1.1159e-02
-3.0076e-02
-1.7490e-02
-1.9725e-03
-1.1090e-02
-8.5113e-02
-7.8395e-02
-7.3782e-02
-5.3977e-02
-5.3977e-02
-1.8230e-03
-4.4381e-03
-8.1264e-03
-7.3716e-03
-7.0455e-03
-7.1595e-03
-7.7184e-03
-9.4534e-03
-1.1178e-02
-1.2567e-02
-9.7942e-03
-1.0349e-02
-7.0312e-03
-4.6179e-03
6.4222e-03
6.7186e-02
2.9518e-02
-3.7514e-02
-8.1909e-02
-5.4433e-02
-5.4433e-02
-1.5125e-03
-4.3678e-03
-7.8427e-03
-6.0000e-03
-6.3612e-03
-7.5214e-03
-8.9105e-03
-1.0279e-02
-1.2375e-02
-1.4015e-02
-1.1473e-02
-1.1943e-02
-6.3039e-03
-2.1658e-03
2.6659e-02
1.1762e-01
7.9056e-02
-3.5596e-03
-4.5022e-02
-3.1269e-02
-3.1269e-02
-3.3979e-03
-6.9545e-03
-1.5509e-02
-1.1440e-02
-5.7426e-03
-8.7619e-03
-9.5902e-03
-1.0350e-02
-1.2580e-02
-1.4777e-02
-1.1556e-02
-1.0987e-02
-2.1004e-02
2.0481e-03
6.4006e-02
1.5141e-01
1.1084e-01
2.4158e-02
-4.9136e-03
-4.8340e-03
-4.8340e-03
-4.1196e-03
-6.8457e-03
-1.2842e-02
-1.3566e-02
-7.6405e-03
-1.2627e-02
-1.1610e-02
-9.2917e-03
-1.0701e-02
-1.4627e-02
-1.0312e-02
-7.0831e-03
-1.3475e-02
3.6966e-03
6.9031e-02
1.5467e-01
1.2278e-01
3.0154e-02
4.6277e-03
3.5280e-03
3.5280e-03
-1.8486e-03
-3.2487e-03
-5.2455e-03
-7.1437e-03
-1.0507e-02
-1.4097e-02
-7.2162e-02
-5.1572e-02
-5.0949e-03
-1.0313e-02
-2.6081e-02
-3.0566e-03
-1.3575e-03
1.3299e-02
5.7001e-02
1.0894e-01
9.8913e-02
2.8941e-02
7.3617e-03
6.2398e-03
6.2398e-03
-1.9716e-03
-3.5465e-03
-6.3435e-03
-8.3893e-03
-1.0740e-02
-1.3544e-02
-9.2387e-02
-9.5713e-02
-4.0688e-03
-5.7459e-03
-1.0655e-02
7.7231e-03
1.8392e-02
1.4433e-02
3.7872e-02
6.6178e-02
7.0269e-02
1.6596e-02
8.8285e-04
4.2011e-03
4.2011e-03
-2.1638e-03
-3.9546e-03
-6.4567e-03
-8.4232e-03
-9.3065e-03
-1.1958e-02
-1.2437e-02
-1.0799e-02
-6.3373e-02
1.5352e-02
6.1065e-02
6.8810e-02
4.5415e-02
4.9527e-03
5.8587e-03
1.0591e-02
1.7362e-02
-9.9946e-03
-3.2696e-02
-1.4102e-02
-1.4102e-02
-2.5802e-03
-5.1522e-03
-6.4239e-03
-5.9091e-03
-6.4853e-03
-9.8536e-03
-1.2478e-02
-1.0276e-02
-4.4521e-02
4.7440e-02
8.1105e-02
5.7166e-02
4.4629e-02
8.6991e-04
-7.0377e-03
-2.3201e-03
-9.4569e-04
-1.6458e-02
-4.3410e-02
-2.8915e-02
-2.8915e-02
-2.6441e-03
-5.2499e-03
-1.7683e-02
-2.9939e-03
-2.4392e-03
-2.3389e-02
-1.2823e-02
-9.4979e-03
-1.1922e-02
5.0849e-02
6.7737e-02
1.7073e-02
8.3739e-03
-6.0424e-03
-1.1495e-02
-6.5575e-03
-4.5847e-03
-7.6178e-03
-1.6704e-02
-1.6785e-02
-1.6785e-02
-2.2628e-03
-4.9373e-03
-1.5278e-02
4.8435e-04
3.1461e-03
-2.5856e-02
-1.2584e-02
-6.3560e-03
-5.1003e-03
2.8881e-02
3.9491e-02
-4.0106e-04
-1.0573e-02
-1.2385e-02
-1.2125e-02
-6.1952e-03
-2.4671e-03
-2.3362e-03
-5.1890e-03
-4.1828e-03
-4.1828e-03
-6.6462e-04
-2.7149e-03
-3.6122e-03
-2.7704e-03
-8.9336e-03
-1.5232e-02
-7.6524e-02
1.5775e-02
2.7246e-02
-7.3400e-03
-8.2095e-03
-1.6943e-02
-2.0429e-02
-1.7011e-02
-1.2093e-02
-5.3729e-03
-7.2579e-04
1.3355e-03
-1.0565e-03
1.0409e-03
1.0409e-03
1.5130e-03
1.4459e-03
-1.5325e-03
-5.0740e-03
-2.3830e-02
-1.1535e-02
-2.3765e-02
4.2659e-02
3.9178e-02
-2.2802e-02
-3.3622e-02
-2.4347e-02
-1.8697e-02
-1.5833e-02
-1.0855e-02
-4.6827e-03
3.5957e-04
2.0813e-03
-6.8275e-04
1.2600e-03
1.2600e-03
3.7531e-03
6.8306e-03
5.8750e-03
-1.8583e-02
-3.9250e-02
-1.0041e-02
1.0056e-02
1.1564e-02
7.5116e-03
-4.7495e-02
-7.0360e-02
-1.9559e-02
8.9776e-03
-9.2742e-03
-8.9807e-03
-4.1890e-03
9.5707e-04
2.2143e-03
-3.0414e-04
2.2085e-03
2.2085e-03
3.9188e-03
7.8154e-03
1.0281e-02
-1.5037e-02
-4.5678e-02
-1.1678e-02
1.8737e-02
9.8729e-03
-7.9447e-03
-5.6749e-02
-1.0203e-01
-2.3286e-02
5.1848e-02
6.5451e-04
-7.9564e-03
-3.7279e-03
1.5998e-03
2.4781e-03
-5.4159e-04
2.8707e-03
2.8707e-03
-1.2661e-03
-1.2729e-03
-7.6292e-03
-1.3837e-02
-6.7575e-03
-4.9483e-03
-3.6926e-03
-4.6132e-03
-6.5360e-03
-6.8839e-03
-8.0297e-03
-7.9292e-03
-1.6083e-02
-1.9588e-02
-1.3264e-02
-1.8039e-02
-8.4481e-03
-2.4855e-03
-5.7886e-04
-8.1072e-04
-8.1072e-04
-1.4459e-03
-2.0215e-03
-8.0613e-03
-1.2757e-02
-6.5310e-03
-5.3511e-03
-3.9163e-03
-4.8450e-03
-6.9937e-03
-7.2241e-03
-8.7905e-03
-9.8222e-03
-1.7375e-02
-1.7324e-02
-1.1299e-02
-1.6647e-02
-8.9656e-03
-2.5138e-03
-5.5960e-04
-7.5998e-04
-7.5998e-04
-1.7942e-03
-3.0780e-03
-4.9361e-03
-5.6640e-03
-6.6619e-03
-6.5138e-03
-5.0410e-03
-4.9229e-03
-6.5150e-03
-7.2405e-03
-9.2721e-03
-1.1801e-02
-7.9026e-03
-4.5176e-03
-8.2532e-03
-1.3888e-02
-8.6448e-03
-2.0874e-03
-3.5811e-04
-2.1283e-03
-2.1283e-03
-1.9414e-03
-3.4275e-03
-5.4727e-03
-5.1409e-03
-6.5963e-03
-8.1384e-03
-6.2457e-03
-4.5012e-03
-5.8044e-03
-7.3451e-03
-9.2321e-03
-1.0523e-02
-8.2782e-03
-4.7923e-03
-5.8146e-03
-9.4903e-03
-7.1256e-03
-2.4922e-03
-1.6012e-03
-2.6097e-03
-2.6097e-03
-1.9090e-03
-3.3803e-03
-5.3946e-03
-4.2669e-03
-1.3539e-02
-2.4236e-02
-8.8020e-03
-3.7320e-03
-8.2639e-03
-1.7487e-02
-9.1380e-03
-6.4311e-03
-1.4988e-02
-1.9716e-02
-1.4802e-02
-1.2389e-02
-2.0375e-02
-2.1247e-02
-1.2324e-02
-6.4703e-03
-6.4703e-03
-1.7884e-03
-3.2273e-03
-5.2740e-03
-4.3029e-03
-1.2658e-02
-2.2629e-02
-9.6178e-03
-5.4064e-03
-1.1758e-02
-2.8990e-02
-1.0103e-02
-5.8697e-03
-6.7646e-03
-1.1840e-02
-9.3592e-03
-6.1236e-03
-9.7747e-03
-1.5663e-02
-1.1273e-02
-6.4011e-03
-6.4011e-03
-1.5416e-03
-2.7909e-03
-5.1855e-03
-5.2327e-03
-5.8886e-03
-7.8034e-03
-9.7425e-03
-9.2494e-03
-1.0243e-02
-1.6090e-02
-1.2564e-02
-6.5219e-03
2.8162e-05
4.0830e-03
9.6577e-03
8.8314e-05
-1.1282e-03
-8.1178e-03
-1.1294e-02
-6.0500e-03
-6.0500e-03
-1.4366e-03
-2.3793e-03
-5.1960e-03
-5.7815e-03
-6.7677e-03
-7.8354e-03
-9.6746e-03
-1.0643e-02
-1.3242e-02
-1.7562e-02
-1.1314e-02
-5.5998e-03
8.1814e-04
7.2201e-03
2.7377e-02
8.8648e-03
4.9470e-03
-2.4722e-03
-7.0933e-03
-2.6863e-03
-2.6863e-03
-2.8120e-03
-5.1851e-03
-1.0977e-02
-1.5720e-02
-8.0576e-03
-8.5463e-03
-9.8361e-03
-1.1593e-02
-1.3966e-02
-1.7977e-02
-1.0222e-02
-2.3289e-03
7.7395e-03
2.2063e-02
3.6285e-02
1.8985e-02
1.3343e-02
3.8200e-03
-5.2991e-04
1.8555e-03
1.8555e-03
-2.4961e-03
-6.3701e-03
-1.1150e-02
-1.8077e-02
-9.2101e-03
-9.0484e-03
-1.0191e-02
-1.3232e-02
-1.3392e-02
-1.4481e-02
-7.9026e-03
2.3058e-04
9.3836e-03
1.5548e-02
3.2698e-02
1.9405e-02
1.6508e-02
5.0330e-03
1.0821e-03
3.4515e-03
3.4515e-03
-1.4209e-03
-3.1138e-03
-5.7048e-03
-7.9421e-03
-9.2201e-03
-6.9644e-03
-2.3182e-02
-5.1647e-02
-1.2936e-02
-7.8547e-03
-8.5454e-03
7.4917e-03
1.8410e-02
2.8675e-03
9.2675e-03
1.1406e-02
1.4796e-02
4.6872e-03
6.7437e-04
3.3286e-03
3.3286e-03
-1.8420e-03
-3.4279e-03
-6.9571e-03
-9.8165e-03
-8.4449e-03
-5.8152e-03
-1.7310e-02
-4.3442e-02
-1.0015e-02
-5.2679e-03
-3.2259e-03
5.8965e-03
9.6330e-03
-9.6970e-03
-4.9308e-03
1.3284e-03
1.0682e-02
4.4168e-03
6.0145e-04
2.8681e-03
2.8681e-03
-1.6019e-03
-3.0505e-03
-7.3502e-03
-1.2013e-02
-1.0365e-02
-8.8378e-03
-4.5153e-03
-9.1107e-04
-1.5417e-02
-1.4715e-02
-4.8301e-03
-1.8413e-03
-5.3762e-03
-1.7931e-02
-1.5639e-02
-8.6766e-03
1.5010e-03
1.2834e-03
-1.3585e-03
2.0546e-03
2.0546e-03
-9.9720e-04
-1.6769e-03
-6.2829e-03
-1.0431e-02
-1.0288e-02
-1.0929e-02
-6.3897e-03
2.3323e-03
1.3584e-02
-4.8515e-03
-4.8362e-03
-9.1096e-03
-1.2042e-02
-2.0314e-02
-1.7380e-02
-8.8542e-03
-8.4940e-04
4.5584e-04
-1.6692e-03
1.7343e-03
1.7343e-03
-2.5441e-04
3.7084e-04
-8.5644e-03
-2.0260e-02
-2.3567e-02
-3.4356e-02
-9.1730e-03
1.2503e-03
2.1453e-02
-4.3237e-03
-9.8327e-03
-1.6455e-02
-1.9250e-02
-1.9519e-02
-1.3749e-02
-6.1049e-03
-3.6238e-04
1.3129e-04
5.3191e-05
2.2949e-03
2.2949e-03
-5.5280e-04
-9.5797e-04
-3.0202e-03
-1.0567e-02
-1.5441e-02
-2.3290e-02
-8.4599e-03
-4.8011e-04
1.0235e-02
-1.2599e-02
-1.8360e-02
-2.2983e-02
-2.2997e-02
-1.8612e-02
-1.0611e-02
-3.6115e-03
6.8786e-04
5.1182e-04
-1.4001e-04
1.8017e-03
1.8017e-03
-2.5591e-04
-3.3053e-03
-1.5382e-03
2.1241e-03
-1.8678e-03
-7.0849e-03
-2.2331e-02
-1.5110e-02
-1.3391e-02
-2.6750e-02
-3.3034e-02
-3.2496e-02
-2.5415e-02
-1.8665e-02
-8.6395e-03
-2.5127e-03
1.4123e-03
1.8678e-03
1.2300e-04
8.2170e-04
8.2170e-04
2.1238e-03
1.3285e-03
2.6347e-06
2.6447e-03
8.6603e-04
-2.0341e-03
-6.5173e-03
-1.0905e-02
-1.7841e-02
-3.5273e-02
-4.2846e-02
-3.7754e-02
-2.5539e-02
-1.8435e-02
-8.2478e-03
-2.9332e-03
1.4085e-03
2.2235e-03
6.0167e-04
7.2136e-04
7.2136e-04
4.3833e-03
1.0764e-02
2.0120e-02
1.6227e-03
-9.9464e-03
-3.2540e-03
-1.2146e-05
-2.7489e-03
-1.9760e-02
-4.3441e-02
-5.3214e-02
-4.1917e-02
-2.2087e-02
-1.8140e-02
-8.5687e-03
-4.6012e-03
1.2941e-04
2.3090e-03
7.8074e-04
9.3140e-04
9.3140e-04
4.0754e-03
1.1332e-02
2.8445e-02
2.7152e-03
-1.6127e-02
-6.2590e-03
2.2426e-03
-1.2502e-03
-1.8380e-02
-4.3891e-02
-5.9481e-02
-4.3069e-02
-1.5348e-02
-1.7315e-02
-9.7948e-03
-5.2983e-03
-6.0896e-04
2.3629e-03
1.1106e-03
1.1398e-03
1.1398e-03
-1.8278e-03
-2.5254e-03
-5.7054e-03
-9.6545e-03
-9.0130e-03
-5.4054e-03
-2.8990e-03
-2.7357e-03
-3.1235e-03
-3.5103e-03
-4.5022e-03
-4.2239e-03
-9.3327e-03
-1.8249e-02
-1.1956e-02
-9.8393e-03
-2.3122e-02
-9.9034e-03
-9.1071e-04
-1.1602e-03
-1.1602e-03
-1.7686e-03
-2.4997e-03
-4.8189e-03
-8.4520e-03
-9.8009e-03
-6.9354e-03
-3.9568e-03
-3.5863e-03
-3.3555e-03
-3.5386e-03
-5.0731e-03
-5.5580e-03
-9.9090e-03
-1.6054e-02
-1.1039e-02
-1.0150e-02
-2.7370e-02
-5.7684e-03
2.0176e-03
-6.9468e-04
-6.9468e-04
-2.1053e-03
-3.2464e-03
-4.6975e-03
-6.1487e-03
-8.4251e-03
-8.1755e-03
-5.6087e-03
-4.8062e-03
-4.0822e-03
-4.0032e-03
-5.7748e-03
-6.9972e-03
-1.6843e-02
-1.4501e-02
-7.0381e-03
-7.8046e-03
-2.5223e-02
-1.1736e-03
1.3205e-02
1.5120e-03
1.5120e-03
-2.4230e-03
-3.8606e-03
-4.4774e-03
-4.4943e-03
-6.6153e-03
-8.2229e-03
-6.9185e-03
-5.2698e-03
-4.5442e-03
-5.3424e-03
-6.3055e-03
-6.7159e-03
-1.7200e-02
-1.2443e-02
-4.1429e-03
-5.9931e-03
-2.2482e-02
-3.6469e-03
1.0444e-02
1.1023e-03
1.1023e-03
-2.4293e-03
-4.0268e-03
-3.8400e-03
-2.3703e-03
-3.8551e-03
-8.0953e-03
-2.3605e-02
-1.4378e-02
-4.1826e-03
-8.0701e-03
-7.7712e-03
-4.6495e-03
-2.5386e-03
-4.1333e-03
-1.6771e-02
-1.6424e-02
-1.2165e-02
-1.0336e-02
-2.0322e-03
-8.5495e-04
-8.5495e-04
-2.1040e-03
-3.4666e-03
-3.4722e-03
-1.9989e-03
-2.9909e-03
-7.8631e-03
-2.7526e-02
-1.9247e-02
-5.0599e-03
-1.0508e-02
-1.0131e-02
-4.0874e-03
-1.9342e-04
-2.3208e-03
-1.8298e-02
-1.4215e-02
-7.7616e-03
-9.0137e-03
-4.4560e-03
-4.9939e-04
-4.9939e-04
-1.1905e-03
-2.0478e-03
-3.0412e-03
-3.0799e-03
-4.1714e-03
-6.9345e-03
-1.0889e-02
-1.0965e-02
-8.8470e-03
-1.0666e-02
-3.0220e-02
-1.1716e-02
2.7351e-03
7.5687e-03
-6.1722e-04
-8.4177e-03
-9.4138e-03
-5.5186e-03
-1.3681e-03
1.0960e-03
1.0960e-03
-6.1697e-04
-1.1015e-03
-2.6913e-03
-3.9306e-03
-5.7642e-03
-7.4325e-03
-1.0478e-02
-1.1792e-02
-1.0958e-02
-1.1465e-02
-2.4871e-02
-8.8856e-03
3.6922e-03
1.1607e-02
8.8350e-03
-5.5417e-03
-1.0928e-02
-3.2708e-03
1.3806e-03
2.3677e-03
2.3677e-03
-5.9316e-04
-1.0950e-03
-2.8027e-03
-5.2907e-03
-8.1276e-03
-8.0217e-03
-9.6560e-03
-1.1502e-02
-1.1362e-02
-1.0883e-02
-3.6702e-02
-7.8522e-03
1.4116e-02
1.4064e-02
1.3930e-02
-3.1391e-03
-6.9788e-03
-6.3262e-04
3.5667e-03
3.3224e-03
3.3224e-03
-9.0947e-04
-2.0754e-03
-3.8674e-03
-6.2397e-03
-9.3435e-03
-7.8297e-03
-8.5130e-03
-1.1049e-02
-1.1141e-02
-9.4321e-03
-3.3570e-02
-5.8232e-03
1.2770e-02
5.3918e-03
8.6508e-03
-5.0022e-03
-5.0807e-03
8.0608e-04
4.5643e-03
3.9611e-03
3.9611e-03
-1.8713e-03
-3.4892e-03
-5.2390e-03
-6.3117e-03
-7.8199e-03
-5.4505e-03
-4.8586e-03
-9.0817e-03
-4.8485e-02
-3.4762e-02
-1.6536e-02
-9.9252e-03
-7.4113e-04
-1.5734e-02
-1.0722e-02
-1.0552e-02
-1.7486e-03
4.3602e-03
5.3493e-03
4.6232e-03
4.6232e-03
-2.5038e-03
-4.3625e-03
-6.1230e-03
-7.5442e-03
-6.9673e-03
-3.9331e-03
-2.4307e-03
-6.3245e-03
-4.3853e-02
-2.6307e-02
-1.0172e-02
-1.4176e-02
-1.2032e-02
-2.7798e-02
-2.3341e-02
-1.4773e-02
9.6558e-04
9.0394e-03
8.3610e-03
5.5684e-03
5.5684e-03
-2.0756e-03
-3.9318e-03
-6.1174e-03
-7.6412e-03
-2.3117e-02
-1.4686e-02
-9.7970e-03
-3.2535e-03
-1.1833e-02
-1.7356e-02
-1.5684e-02
-2.1923e-02
-2.3009e-02
-3.2742e-02
-2.6448e-02
-1.4424e-02
3.3798e-03
1.1572e-02
1.1351e-02
6.8344e-03
6.8344e-03
-1.0147e-03
-1.9784e-03
-4.3388e-03
-6.5330e-03
-2.4441e-02
-2.1723e-02
-2.2239e-02
1.0557e-03
7.4133e-03
-1.4342e-02
-2.1014e-02
-2.5098e-02
-2.8590e-02
-3.2462e-02
-2.2212e-02
-9.2316e-03
4.6426e-03
9.4209e-03
9.1972e-03
6.1013e-03
6.1013e-03
3.5488e-04
1.2495e-03
-1.5680e-05
-4.0478e-03
-2.6990e-02
-3.8889e-02
-4.3123e-02
-8.9504e-03
9.5433e-03
-1.8903e-02
-2.8052e-02
-2.8240e-02
-2.6866e-02
-2.4603e-02
-1.1516e-02
-1.0090e-03
4.8262e-03
3.0895e-03
1.8324e-03
2.2866e-03
2.2866e-03
6.0490e-04
1.3878e-03
1.3523e-03
-1.8077e-03
-2.1804e-02
-2.9313e-02
-4.0378e-02
-1.6529e-02
-3.5115e-04
-2.9566e-02
-3.5769e-02
-3.2230e-02
-2.4890e-02
-1.9703e-02
-5.9382e-03
2.4218e-03
4.4148e-03
-9.9537e-05
-2.5156e-03
-6.8804e-04
-6.8804e-04
8.7034e-04
1.0635e-03
2.0466e-04
7.8996e-03
-1.9241e-03
-8.6539e-03
-2.1128e-02
-2.6825e-02
-2.8823e-02
-4.4871e-02
-4.3740e-02
-3.8574e-02
-2.4418e-02
-1.6743e-02
-3.7613e-03
2.4954e-03
3.7166e-03
-1.0858e-05
-3.0844e-03
-2.2391e-03
-2.2391e-03
1.8800e-03
2.7254e-03
4.0570e-03
1.2423e-02
6.1227e-03
-3.6074e-03
-1.4233e-02
-2.4673e-02
-3.7857e-02
-5.1177e-02
-4.9566e-02
-4.3767e-02
-2.5571e-02
-1.6713e-02
-4.3607e-03
1.0718e-03
3.1218e-03
1.1791e-03
-1.2864e-03
-1.4276e-03
-1.4276e-03
1.8144e-02
3.3902e-02
1.8633e-02
8.1740e-03
2.8221e-03
-3.7513e-03
-8.2564e-03
-1.5983e-02
-3.7209e-02
-5.4499e-02
-5.7149e-02
-4.9157e-02
-2.7964e-02
-1.7293e-02
-4.6691e-03
-3.6308e-04
2.1842e-03
2.7586e-03
1.0711e-03
-5.0708e-05
-5.0708e-05
1.6477e-02
3.9003e-02
2.9616e-02
1.0092e-02
-2.5901e-03
-4.7819e-03
-7.0606e-03
-1.4956e-02
-3.3014e-02
-5.2567e-02
-5.9098e-02
-5.1409e-02
-3.0174e-02
-1.8887e-02
-4.9655e-03
-1.0119e-03
1.5984e-03
3.3884e-03
2.8548e-03
6.5280e-04
6.5280e-04
-2.7053e-03
-4.6884e-03
-9.3818e-03
-1.3392e-02
-8.9328e-03
-2.7040e-03
2.5260e-04
-6.0005e-04
-1.0911e-03
-1.4558e-03
-2.9898e-03
-3.5399e-03
-8.6489e-03
-2.0521e-02
-9.0452e-03
-1.7047e-03
3.2073e-03
-3.9407e-04
-1.8218e-03
-9.2576e-04
-9.2576e-04
-2.4543e-03
-4.2830e-03
-8.0898e-03
-1.1417e-02
-1.0056e-02
-5.8960e-03
-1.8108e-03
-2.0654e-03
-1.2764e-03
-8.2561e-04
-2.7079e-03
-3.6904e-03
-8.6555e-03
-1.8546e-02
-8.9787e-03
-2.1424e-03
3.0997e-03
-6.6536e-04
-1.9656e-03
-9.6258e-04
-9.6258e-04
-2.7329e-03
-4.4393e-03
-6.3200e-03
-7.5609e-03
-8.8508e-03
-9.4893e-03
-6.0766e-03
-4.5833e-03
-2.8342e-03
-7.2882e-04
-2.0273e-03
-3.4629e-03
-1.3151e-02
-2.2411e-02
-7.4950e-03
-1.4862e-03
1.4470e-03
-3.3681e-03
-1.7481e-03
-5.9597e-04
-5.9597e-04
-3.2826e-03
-5.4886e-03
-5.3531e-03
-4.7678e-03
-6.3812e-03
-8.0568e-03
-7.1931e-03
-6.2667e-03
-4.8578e-03
-3.5191e-03
-3.0343e-03
-3.5707e-03
-1.0776e-02
-1.6222e-02
-5.8021e-03
-2.0058e-03
-2.7885e-03
-8.5047e-03
-4.9545e-03
-1.5583e-03
-1.5583e-03
-3.4822e-03
-6.4015e-03
-5.0516e-03
-1.6824e-03
-2.2601e-03
-4.1688e-03
-1.5912e-02
-2.0702e-02
-7.8873e-03
-8.4165e-03
-6.1632e-03
-4.2594e-03
-2.7111e-03
-1.4857e-03
-9.7836e-03
-1.3255e-02
-1.1473e-02
-1.2692e-02
-9.0984e-03
-3.9064e-03
-3.9064e-03
-2.9240e-03
-5.3041e-03
-4.4472e-03
-1.2068e-03
-1.2104e-03
-3.7143e-03
-1.8036e-02
-2.6539e-02
-9.1265e-03
-8.7013e-03
-6.7185e-03
-3.7209e-03
-2.2105e-03
-8.5286e-04
-1.0621e-02
-1.7124e-02
-1.4571e-02
-1.2319e-02
-7.5093e-03
-3.2727e-03
-3.2727e-03
-1.1701e-03
-2.1232e-03
-2.6722e-03
-2.0742e-03
-2.7384e-03
-5.1427e-03
-9.7148e-03
-1.3851e-02
-1.0803e-02
-5.5727e-03
-1.0752e-02
-7.2400e-03
-5.1935e-03
-6.9755e-03
-1.2005e-02
-1.3286e-02
-1.1026e-02
-7.3340e-03
-9.7364e-04
5.1664e-04
5.1664e-04
1.8779e-04
1.1708e-04
-1.2373e-03
-2.2986e-03
-4.2696e-03
-6.3685e-03
-1.0730e-02
-1.4146e-02
-1.0128e-02
-4.2595e-03
-5.5384e-03
-6.5632e-03
-6.1129e-03
-8.2146e-03
-1.1257e-02
-1.1858e-02
-8.3076e-03
-2.4757e-03
3.5958e-03
3.0529e-03
3.0529e-03
1.6887e-04
1.2195e-03
-1.5146e-04
-2.4750e-03
-5.4008e-03
-6.7809e-03
-9.6944e-03
-1.2554e-02
-9.2705e-03
-3.7237e-03
-5.7338e-03
-1.1172e-02
-1.0393e-02
-1.1921e-02
-1.2228e-02
-1.4579e-02
-6.4401e-03
1.2760e-03
6.8101e-03
4.9043e-03
4.9043e-03
-9.8716e-04
-9.2986e-04
-1.6551e-03
-3.6352e-03
-6.0616e-03
-6.8255e-03
-7.8797e-03
-9.1174e-03
-7.8790e-03
-3.9749e-03
-9.6538e-03
-1.8375e-02
-1.8347e-02
-1.9238e-02
-1.5679e-02
-1.5923e-02
-5.5748e-03
3.5928e-03
8.8793e-03
6.2780e-03
6.2780e-03
-2.7940e-03
-5.2086e-03
-5.0022e-03
-4.6847e-03
-5.9260e-03
-5.7146e-03
-5.2209e-03
-3.5105e-03
-1.3057e-02
-1.5763e-02
-1.8557e-02
-2.8230e-02
-3.1274e-02
-3.3108e-02
-2.4853e-02
-1.9354e-02
-1.9318e-03
1.0744e-02
1.4205e-02
8.8457e-03
8.8457e-03
-3.5529e-03
-6.6539e-03
-5.9369e-03
-4.1820e-03
-4.9499e-03
-4.4506e-03
-3.9228e-03
-2.2926e-03
-1.1166e-02
-1.6210e-02
-2.2236e-02
-3.3858e-02
-4.0357e-02
-4.4707e-02
-3.2808e-02
-2.0769e-02
3.5511e-03
1.8592e-02
1.9823e-02
1.0976e-02
1.0976e-02
-3.0079e-03
-6.3358e-03
-5.5718e-03
-1.9958e-03
-8.3968e-03
-1.1925e-02
-1.1017e-02
-1.3244e-02
-1.3118e-02
-1.6528e-02
-2.2225e-02
-3.2734e-02
-3.7305e-02
-4.4389e-02
-3.1666e-02
-1.5909e-02
9.7656e-03
2.1532e-02
2.1442e-02
1.1821e-02
1.1821e-02
-1.6587e-03
-4.2235e-03
-3.9922e-03
-6.8940e-04
-6.4846e-03
-1.3991e-02
-1.7333e-02
-2.2379e-02
-1.9491e-02
-2.1415e-02
-2.3982e-02
-3.0908e-02
-3.6982e-02
-3.9644e-02
-2.3752e-02
-7.0619e-03
1.1198e-02
1.6158e-02
1.5441e-02
9.4885e-03
9.4885e-03
-1.6427e-05
-4.6756e-04
-7.9738e-04
1.1264e-03
-4.6126e-03
-1.5480e-02
-2.6671e-02
-3.2772e-02
-3.1402e-02
-3.3707e-02
-2.9566e-02
-2.9715e-02
-2.9030e-02
-2.5925e-02
-8.3226e-03
5.2589e-03
9.8323e-03
3.5111e-03
2.7071e-04
1.6114e-03
1.6114e-03
8.5992e-04
1.7932e-03
8.4518e-04
1.7389e-03
-4.0016e-03
-1.4185e-02
-2.8035e-02
-3.6356e-02
-3.9962e-02
-4.6705e-02
-3.8473e-02
-3.2696e-02
-2.4576e-02
-1.8362e-02
-1.1840e-03
9.1267e-03
8.1075e-03
-2.4214e-03
-7.7988e-03
-3.8046e-03
-3.8046e-03
1.7399e-03
4.5126e-03
7.2206e-03
2.6122e-03
-3.6598e-03
-9.4482e-03
-2.1053e-02
-3.3307e-02
-4.7104e-02
-5.9962e-02
-5.0110e-02
-4.0035e-02
-2.2039e-02
-1.3517e-02
5.6433e-05
6.8154e-03
5.7844e-03
-2.4203e-03
-8.5574e-03
-5.7359e-03
-5.7359e-03
1.5677e-03
4.3630e-03
8.4713e-03
1.7485e-03
-3.5640e-03
-8.3158e-03
-1.6766e-02
-2.8005e-02
-4.6734e-02
-6.2731e-02
-5.7073e-02
-4.6447e-02
-2.2857e-02
-1.3074e-02
-1.3614e-03
3.6817e-03
4.3846e-03
-1.0665e-04
-4.8444e-03
-3.9041e-03
-3.9041e-03
4.0077e-03
5.6903e-03
5.2216e-03
1.7752e-03
-3.1520e-03
-1.0411e-02
-1.1826e-02
-1.6777e-02
-4.2573e-02
-6.3332e-02
-6.5225e-02
-5.3077e-02
-2.5236e-02
-1.3460e-02
-1.7925e-03
1.7921e-03
3.6403e-03
2.6546e-03
7.8156e-05
-9.2599e-04
-9.2599e-04
3.3504e-03
3.8017e-03
4.4681e-03
2.1804e-03
-2.8701e-03
-9.5699e-03
-1.2072e-02
-1.6485e-02
-3.9012e-02
-6.0891e-02
-6.7588e-02
-5.6658e-02
-2.7590e-02
-1.4742e-02
-1.6964e-03
1.5653e-03
3.8459e-03
3.6188e-03
2.1212e-03
6.8025e-04
6.8025e-04
-3.4643e-03
-6.3113e-03
-1.3042e-02
-1.7331e-02
-1.8422e-02
-2.5520e-03
3.7648e-03
2.3182e-03
1.0740e-03
5.6346e-04
-2.9119e-03
-5.6263e-03
-9.7586e-03
-1.4272e-02
-9.4435e-03
7.7749e-03
1.3396e-02
8.2380e-03
2.3180e-03
2.7138e-04
2.7138e-04
-3.1131e-03
-5.7349e-03
-1.1325e-02
-1.5358e-02
-2.3119e-02
-1.2493e-02
9.6608e-04
7.1792e-04
1.0844e-03
1.8511e-03
-2.3293e-03
-7.0191e-03
-8.1324e-03
-1.0889e-02
-1.2364e-02
4.8709e-03
1.3443e-02
6.2023e-03
1.4715e-03
2.7721e-04
2.7721e-04
-3.6690e-03
-6.0664e-03
-8.1008e-03
-9.2728e-03
-1.0065e-02
-1.0817e-02
-1.1955e-02
-4.6601e-03
4.1894e-05
4.9288e-03
-9.4831e-04
-7.4852e-03
-9.2954e-03
-1.3380e-02
-1.3187e-02
9.3248e-04
4.9378e-03
-3.5321e-03
-3.8399e-03
-1.1747e-03
-1.1747e-03
-4.8635e-03
-8.3881e-03
-6.5188e-03
-4.3479e-03
-6.6370e-03
-1.0189e-02
-1.6647e-02
-9.2246e-03
-5.0567e-03
-2.2285e-03
-1.6543e-03
-5.6592e-03
-8.5644e-03
-1.2033e-02
-1.3617e-02
-3.2008e-03
-3.2415e-03
-2.0143e-02
-1.3558e-02
-4.9619e-03
-4.9619e-03
-5.6017e-03
-9.9916e-03
-1.2234e-02
-2.4438e-04
6.8980e-05
-3.8718e-03
-6.4757e-03
-8.1474e-03
-7.2899e-03
-5.6860e-03
-1.1381e-02
-1.0243e-02
-1.1039e-02
-1.1528e-02
-1.1579e-02
-1.4949e-02
-1.8277e-02
-3.8836e-02
-2.1246e-02
-1.0579e-02
-1.0579e-02
-4.8009e-03
-8.5998e-03
-1.1100e-02
1.2656e-03
2.1061e-03
-1.8162e-03
-7.0208e-03
-1.2221e-02
-1.0337e-02
-5.8138e-03
-1.0675e-02
-9.3463e-03
-1.0628e-02
-1.1535e-02
-1.5230e-02
-3.3184e-02
-2.5936e-02
-2.5827e-02
-1.6709e-02
-1.0314e-02
-1.0314e-02
-1.6923e-03
-2.9777e-03
-2.5681e-03
-4.8560e-04
-2.3685e-04
-3.4495e-03
-1.0221e-02
-1.5228e-02
-2.6716e-02
-7.6543e-03
-1.7650e-03
-7.6139e-03
-7.4610e-03
-1.1766e-02
-2.6271e-02
-5.6123e-02
-1.9667e-02
1.0780e-02
1.1342e-02
1.7561e-03
1.7561e-03
6.9448e-04
1.1623e-03
3.8652e-04
-4.8545e-04
-2.4578e-03
-5.1539e-03
-1.1974e-02
-1.6665e-02
-2.4363e-02
-4.8316e-03
2.3491e-03
-6.7113e-03
-8.7427e-03
-1.2619e-02
-2.8448e-02
-4.9159e-02
-1.5329e-02
1.5902e-02
2.2373e-02
8.8889e-03
8.8889e-03
2.3920e-03
6.5123e-03
2.9338e-03
3.9887e-05
-3.3355e-03
-5.5545e-03
-1.1010e-02
-1.5469e-02
-1.6631e-02
-5.2553e-03
-1.7061e-03
-1.1245e-02
-1.4249e-02
-1.4084e-02
-2.0259e-02
-2.5310e-02
-1.1744e-02
7.5551e-03
1.6610e-02
9.8236e-03
9.8236e-03
-9.3734e-04
6.8640e-04
9.1206e-04
-1.3442e-03
-3.8237e-03
-5.3263e-03
-8.9138e-03
-1.1794e-02
-1.5439e-02
-7.3050e-03
-1.0027e-02
-3.0874e-02
-2.7764e-02
-2.3160e-02
-1.9068e-02
-2.2332e-02
-8.3544e-03
3.1429e-03
1.3779e-02
1.0396e-02
1.0396e-02
-3.0155e-03
-4.8013e-03
-1.0061e-02
-8.2933e-03
-1.0504e-02
-1.1093e-02
-1.5560e-02
-1.5613e-02
-8.2727e-03
-1.0428e-02
-2.4268e-02
-6.0423e-02
-4.3852e-02
-3.7208e-02
-2.3882e-02
-2.2094e-02
-2.6071e-03
1.4622e-02
1.7774e-02
1.1255e-02
1.1255e-02
-4.1295e-03
-6.9267e-03
-1.4638e-02
-1.0354e-02
-9.2933e-03
-1.0787e-02
-1.2978e-02
-1.2112e-02
-5.5733e-03
-1.0947e-02
-2.8784e-02
-5.9696e-02
-5.6102e-02
-5.8933e-02
-3.6504e-02
-2.5371e-02
7.1175e-03
3.7294e-02
2.9111e-02
1.3616e-02
1.3616e-02
-3.6504e-03
-6.6123e-03
-1.5754e-02
-1.1065e-02
-3.6161e-03
-8.4520e-03
-1.3066e-02
-1.6495e-02
-1.2306e-02
-1.1933e-02
-2.2235e-02
-3.6946e-02
-6.0660e-02
-8.2905e-02
-4.5674e-02
-2.1043e-02
2.0231e-02
5.5931e-02
4.1332e-02
1.7725e-02
1.7725e-02
-2.1984e-03
-4.5228e-03
-1.3894e-02
-9.9871e-03
-3.3983e-03
-9.9461e-03
-2.1906e-02
-3.7460e-02
-2.7320e-02
-1.9629e-02
-1.8739e-02
-3.0016e-02
-4.8511e-02
-6.8927e-02
-3.4858e-02
8.3953e-04
2.1370e-02
3.1271e-02
2.9887e-02
1.5895e-02
1.5895e-02
-1.0266e-03
-2.7510e-03
-7.8847e-03
-8.3590e-03
-3.6074e-03
-1.0403e-02
-3.1019e-02
-6.6334e-02
-4.4773e-02
-3.2826e-02
-1.9550e-02
-2.2000e-02
-2.7939e-02
-3.1958e-02
-5.0508e-03
3.6669e-02
2.0206e-02
-1.9087e-02
-8.9226e-03
-2.2753e-04
-2.2753e-04
1.9395e-03
2.3614e-03
-3.5636e-03
-6.8924e-03
-3.4810e-03
-1.0273e-02
-3.0318e-02
-6.1357e-02
-5.5754e-02
-5.3879e-02
-3.1795e-02
-2.4376e-02
-2.0728e-02
-1.8032e-02
6.0322e-03
3.4497e-02
1.8504e-02
-2.4248e-02
-2.5566e-02
-1.1727e-02
-1.1727e-02
4.4296e-03
8.9144e-03
3.9178e-03
-6.5505e-03
-5.4908e-03
-8.4037e-03
-1.9466e-02
-3.5262e-02
-6.4382e-02
-9.2379e-02
-5.7257e-02
-3.4974e-02
-1.6032e-02
-1.1606e-02
2.9830e-03
1.2852e-02
1.1258e-02
-5.3483e-03
-1.7857e-02
-1.2367e-02
-1.2367e-02
3.7539e-03
8.7932e-03
6.4119e-03
-5.2325e-03
-6.1918e-03
-7.2402e-03
-1.3266e-02
-2.3651e-02
-5.5919e-02
-9.6940e-02
-6.9829e-02
-4.4887e-02
-1.6254e-02
-1.0094e-02
-1.2420e-04
4.9526e-03
6.4313e-03
1.8300e-03
-7.0196e-03
-6.4866e-03
-6.4866e-03
1.1746e-03
1.3949e-03
1.2620e-03
-3.5149e-03
-5.6393e-03
-6.1356e-03
-1.1096e-02
-1.6377e-02
-4.8795e-02
-9.8260e-02
-7.9071e-02
-5.4239e-02
-1.7464e-02
-8.2310e-03
-1.5459e-04
2.7221e-03
4.0204e-03
4.4898e-03
1.3780e-03
-6.7933e-04
-6.7933e-04
5.5019e-04
-1.8555e-04
-1.8403e-03
-3.4228e-03
-5.1348e-03
-6.0620e-03
-1.2207e-02
-1.5828e-02
-4.3064e-02
-8.9019e-02
-8.3108e-02
-6.0941e-02
-1.9331e-02
-8.3409e-03
4.9943e-04
2.7285e-03
4.3279e-03
4.8533e-03
3.3254e-03
1.1549e-03
1.1549e-03
-3.3765e-03
-6.3074e-03
-1.4062e-02
-2.2104e-02
-2.1083e-02
2.6709e-03
7.2094e-03
4.4953e-03
2.3305e-03
1.7108e-03
-2.3690e-03
-6.0945e-03
-1.1723e-02
-2.0355e-02
-8.7616e-03
1.4971e-02
2.4468e-02
1.0885e-02
3.2665e-03
4.1446e-04
4.1446e-04
-3.0232e-03
-5.7229e-03
-1.2135e-02
-1.8634e-02
-2.5877e-02
-1.1521e-02
2.8196e-03
2.7888e-03
2.7306e-03
3.3693e-03
-1.9855e-03
-1.0151e-02
-1.1160e-02
-1.3602e-02
-9.5930e-03
9.8462e-03
2.2954e-02
8.7999e-03
2.3487e-03
6.6468e-04
6.6468e-04
-3.7169e-03
-6.2347e-03
-8.5902e-03
-1.0203e-02
-1.1089e-02
-1.3850e-02
-1.4801e-02
-1.0863e-04
6.5347e-03
1.0437e-02
-4.9675e-04
-1.5653e-02
-1.9798e-02
-1.0764e-02
-3.4308e-03
4.7310e-03
5.3612e-03
-2.4388e-03
-3.8206e-03
-1.5859e-03
-1.5859e-03
-5.3826e-03
-1.0238e-02
-7.5648e-03
-3.6939e-03
-6.1811e-03
-1.3233e-02
-2.0590e-02
-4.0255e-03
3.3613e-03
4.4620e-03
-1.2011e-03
-1.1584e-02
-1.8109e-02
-1.0786e-02
-4.5355e-03
2.1774e-05
-5.1540e-03
-2.8407e-02
-2.0424e-02
-8.1476e-03
-8.1476e-03
-6.8095e-03
-1.5189e-02
-1.9349e-02
4.2873e-03
3.5770e-03
-4.1718e-03
-8.1071e-03
-6.0043e-03
-3.0500e-03
-3.1629e-03
-7.6379e-03
-1.1341e-02
-1.6694e-02
-2.0754e-02
-1.3436e-02
-1.1784e-02
-1.9377e-02
-7.4411e-02
-6.2192e-02
-2.2825e-02
-2.2825e-02
-6.0307e-03
-1.3086e-02
-1.7591e-02
4.8153e-03
5.8997e-03
-5.9778e-04
-7.9480e-03
-1.1658e-02
-7.2405e-03
-3.4891e-03
-6.2204e-03
-9.8348e-03
-1.3159e-02
-1.9934e-02
-2.1604e-02
-4.3187e-02
-3.4932e-02
-5.0853e-02
-5.4879e-02
-2.4390e-02
-2.4390e-02
-2.3560e-03
-4.4317e-03
-3.6424e-03
8.0694e-04
2.9479e-03
-1.7255e-03
-1.0546e-02
-1.8429e-02
-2.5606e-02
-2.2882e-03
1.9720e-03
-1.1448e-02
-9.2510e-03
-1.0840e-02
-2.9158e-02
-1.0147e-01
-6.7580e-02
3.4243e-02
4.6859e-02
2.7557e-03
2.7557e-03
8.3597e-04
1.4827e-03
1.1253e-03
5.7744e-04
-7.1956e-04
-3.8073e-03
-1.2204e-02
-2.0413e-02
-2.5801e-02
-2.9329e-03
3.7013e-03
-9.3564e-03
-1.0694e-02
-1.0213e-02
-2.6734e-02
-8.5366e-02
-6.2654e-02
3.8310e-02
7.2487e-02
1.5283e-02
1.5283e-02
4.0778e-03
9.9188e-03
5.4254e-03
1.8394e-03
-2.0014e-03
-4.3738e-03
-1.1397e-02
-2.0729e-02
-1.6637e-02
-5.1765e-03
-2.5525e-03
-9.2452e-03
-1.1931e-02
-9.1414e-03
-1.4328e-02
-2.6687e-02
-2.3995e-02
1.1547e-02
3.5815e-02
1.3141e-02
1.3141e-02
6.8572e-04
4.1237e-03
3.0370e-03
4.6360e-04
-2.4374e-03
-4.0795e-03
-9.3375e-03
-1.7012e-02
-1.7098e-02
-7.6886e-03
-1.1681e-02
-3.8855e-02
-3.1156e-02
-2.0495e-02
-1.1860e-02
-2.0684e-02
-1.0699e-02
7.0115e-04
1.7593e-02
1.2203e-02
1.2203e-02
-2.7999e-03
-4.4432e-03
-7.1673e-03
-6.0215e-03
-7.0335e-03
-7.8555e-03
-1.4547e-02
-2.6531e-02
-1.4298e-02
-9.6460e-03
-2.3668e-02
-9.9727e-02
-8.9250e-02
-4.5566e-02
-1.9477e-02
-2.4321e-02
-1.4156e-02
1.2153e-02
1.4552e-02
1.3720e-02
1.3720e-02
-4.1021e-03
-7.2090e-03
-1.3302e-02
-1.2448e-02
-9.0963e-03
-9.2655e-03
-1.1987e-02
-1.9877e-02
-1.2559e-02
-9.6495e-03
-2.4863e-02
-8.7814e-02
-1.0036e-01
-7.4868e-02
-3.3867e-02
-2.8530e-02
-1.0188e-03
4.9267e-02
3.6758e-02
1.5051e-02
1.5051e-02
-3.7771e-03
-7.2226e-03
-1.6496e-02
-2.3094e-02
-9.7850e-03
-7.1294e-03
-9.7668e-03
-1.3464e-02
-1.2271e-02
-7.4847e-03
-1.4074e-02
-3.2276e-02
-6.5955e-02
-1.1916e-01
-7.9987e-02
-3.5144e-02
1.9544e-02
1.0038e-01
8.5546e-02
2.0168e-02
2.0168e-02
-2.4003e-03
-5.1420e-03
-1.5706e-02
-2.4799e-02
-1.3855e-02
-9.8109e-03
-1.7679e-02
-4.3884e-02
-3.1209e-02
-1.5792e-02
-8.1661e-03
-2.2372e-02
-4.3436e-02
-9.8092e-02
-7.7081e-02
-4.5356e-03
2.6637e-02
5.5393e-02
6.8161e-02
2.2136e-02
2.2136e-02
-1.3060e-03
-4.1560e-03
-1.1456e-02
-2.5522e-02
-1.7123e-02
-1.1200e-02
-2.6876e-02
-1.0855e-01
-9.4798e-02
-3.5532e-02
-6.9410e-03
-1.6407e-02
-2.9582e-02
-3.9650e-02
-2.0474e-02
7.2090e-02
5.7650e-02
-4.7614e-02
-3.6788e-02
-2.6928e-03
-2.6928e-03
2.4193e-03
4.5214e-04
-8.7517e-03
-2.3465e-02
-1.7573e-02
-1.1721e-02
-2.5659e-02
-9.3856e-02
-1.0590e-01
-6.3821e-02
-1.8502e-02
-1.6552e-02
-1.9067e-02
-1.9042e-02
4.4635e-03
6.4659e-02
5.7909e-02
-5.0271e-02
-7.2654e-02
-2.5451e-02
-2.5451e-02
3.7694e-03
6.3826e-03
-7.2015e-04
-2.0091e-02
-1.7764e-02
-9.8306e-03
-1.3192e-02
-2.9922e-02
-6.9693e-02
-1.2290e-01
-7.8450e-02
-3.1418e-02
-7.8948e-03
-1.1337e-02
6.9090e-04
1.6581e-02
2.2454e-02
-7.5443e-03
-3.6828e-02
-2.1035e-02
-2.1035e-02
3.4531e-03
6.3629e-03
2.5954e-03
-1.4729e-02
-1.5499e-02
-7.3103e-03
-5.8533e-03
-1.2497e-02
-4.6864e-02
-1.2466e-01
-1.0342e-01
-4.7269e-02
-6.4201e-03
-8.9941e-03
-4.2812e-03
3.9343e-03
8.3565e-03
4.8231e-03
-8.4384e-03
-7.3570e-03
-7.3570e-03
9.5861e-04
-3.8110e-04
-2.0042e-03
-6.4549e-03
-9.1156e-03
-2.9527e-03
-1.7849e-03
-6.0198e-03
-3.9760e-02
-1.3056e-01
-1.2317e-01
-6.0195e-02
-8.6353e-03
-4.8829e-03
-1.9039e-03
2.9118e-03
4.5484e-03
6.5723e-03
5.2720e-03
8.4200e-04
8.4200e-04
-2.1154e-04
-1.7581e-03
-4.0694e-03
-4.6389e-03
-5.4841e-03
-1.5235e-03
-1.4192e-03
-6.3467e-03
-3.6755e-02
-1.1521e-01
-1.2585e-01
-6.8944e-02
-9.9139e-03
-3.9978e-03
-2.7789e-05
3.1827e-03
5.3454e-03
6.1019e-03
6.0508e-03
2.1757e-03
2.1757e-03
