#Darcy flux: time=1.000000
1
DarcyVelY
2.8519e-05
-3.6450e-06
-7.1686e-05
-1.4081e-04
-4.8288e-04
-9.1590e-04
-1.2890e-03
-1.2408e-03
-1.3439e-03
-1.6430e-03
-2.1012e-03
-2.4430e-03
-2.2958e-03
-1.8360e-03
-7.9318e-04
-1.0144e-03
-2.6027e-03
-2.9972e-03
-2.2617e-03
-2.3478e-03
7.7565e-05
2.4783e-05
-1.2223e-04
-2.8687e-04
-8.8367e-04
-1.7224e-03
-2.8923e-03
-3.2087e-03
-2.8901e-03
-3.1609e-03
-3.7888e-03
-4.3807e-03
-4.6979e-03
-4.5438e-03
-1.6783e-03
-1.8773e-03
-5.2515e-03
-6.5396e-03
-4.8840e-03
-4.9298e-03
1.4649e-04
5.8783e-05
-2.0353e-04
-5.0228e-04
-1.2650e-03
-2.2272e-03
-3.6376e-03
-4.4262e-03
-4.6071e-03
-4.9701e-03
-6.0209e-03
-7.7256e-03
-9.6991e-03
-1.0003e-02
-7.9024e-03
-6.9544e-03
-7.3612e-03
-8.1281e-03
-5.5493e-03
-6.0554e-03
1.0233e-04
-9.4345e-06
-3.2243e-04
-6.8751e-04
-1.5435e-03
-2.5832e-03
-4.0521e-03
-4.9115e-03
-5.6770e-03
-6.1511e-03
-6.8693e-03
-9.6801e-03
-1.4435e-02
-1.4975e-02
-1.2562e-02
-1.1914e-02
-1.1107e-02
-1.0959e-02
-6.3934e-03
-6.0322e-03
-5.0770e-04
-5.4405e-04
-6.9573e-04
-9.0089e-04
-1.6324e-03
-2.8265e-03
-5.3657e-03
-7.7275e-03
-5.9790e-03
-6.7004e-03
-1.0425e-02
-1.0955e-02
-9.4410e-03
-1.1902e-02
-1.9437e-02
-2.0260e-02
-1.9934e-02
-1.9401e-02
-1.2137e-02
-1.1190e-02
-1.5124e-03
-1.4828e-03
-1.3336e-03
-1.1424e-03
-1.2422e-03
-2.4045e-03
-6.3477e-03
-1.0807e-02
-8.7476e-03
-9.3304e-03
-1.4157e-02
-1.4034e-02
-9.6829e-03
-1.3074e-02
-2.5628e-02
-2.8609e-02
-2.8265e-02
-2.7519e-02
-1.8586e-02
-1.7164e-02
-4.2819e-03
-4.0436e-03
-3.6457e-03
-3.4495e-03
-3.4099e-03
-4.2855e-03
-4.5363e-03
-7.0785e-03
-9.3017e-03
-1.0780e-02
-1.2721e-02
-1.4741e-02
-2.2646e-02
-2.7268e-02
-2.7303e-02
-3.0556e-02
-3.7698e-02
-3.5301e-02
-2.4563e-02
-2.4098e-02
-7.6443e-03
-6.6358e-03
-5.7802e-03
-5.4969e-03
-5.4753e-03
-6.6170e-03
-5.2155e-03
-7.0836e-03
-9.1114e-03
-1.1337e-02
-1.4089e-02
-1.7386e-02
-3.1143e-02
-3.8634e-02
-3.6785e-02
-3.9320e-02
-4.3032e-02
-4.0119e-02
-2.9232e-02
-2.9117e-02
-5.5142e-03
-5.2976e-03
-8.6087e-03
-8.7751e-03
-9.3771e-03
-1.0427e-02
-6.1348e-03
-7.0842e-03
-8.4269e-03
-1.0241e-02
-1.5805e-02
-1.9018e-02
-2.0121e-02
-2.6979e-02
-3.7151e-02
-4.5729e-02
-5.5045e-02
-6.3578e-02
-4.2885e-02
-4.6320e-02
-5.0194e-03
-5.0678e-03
-9.2340e-03
-1.0251e-02
-1.1914e-02
-1.3228e-02
-7.0342e-03
-7.1420e-03
-7.2916e-03
-8.3025e-03
-1.2451e-02
-1.4717e-02
-1.2942e-02
-1.7722e-02
-2.8291e-02
-4.1704e-02
-7.7226e-02
-1.1158e-01
-6.7742e-02
-7.1374e-02
-2.1980e-03
-3.2740e-03
-7.9647e-03
-9.6016e-03
-1.0824e-02
-1.1361e-02
-1.0257e-02
-1.0824e-02
-1.2170e-02
-1.4724e-02
-1.7613e-02
-2.0388e-02
-2.4367e-02
-3.1389e-02
-4.5261e-02
-6.9744e-02
-6.4347e-02
-1.0361e-01
-4.2702e-02
-5.1236e-02
3.0345e-04
-1.4860e-03
-6.7423e-03
-8.9105e-03
-1.0116e-02
-1.0348e-02
-9.7808e-03
-1.1360e-02
-1.4981e-02
-1.9890e-02
-2.6555e-02
-3.1777e-02
-4.4180e-02
-5.6029e-02
-7.3996e-02
-1.2426e-01
-8.2301e-02
-1.4340e-01
-5.1116e-02
-5.8201e-02
-3.0649e-03
-3.7925e-03
-6.3326e-03
-8.4197e-03
-1.0729e-02
-1.3145e-02
-1.6008e-02
-2.0075e-02
-2.6548e-02
-3.5135e-02
-4.1403e-02
-5.2879e-02
-3.8282e-02
-5.0257e-02
-6.6654e-02
-8.5597e-02
-3.1926e-02
-4.1868e-02
-4.6629e-02
-4.6217e-02
-7.8499e-03
-7.5058e-03
-8.3442e-03
-1.0228e-02
-1.3030e-02
-1.6815e-02
-2.2599e-02
-2.9288e-02
-4.0444e-02
-5.6017e-02
-7.2248e-02
-8.4136e-02
-3.9662e-02
-5.1235e-02
-6.9489e-02
-9.4697e-02
-2.5114e-02
-2.5442e-02
-2.7081e-02
-2.8795e-02
-4.5298e-03
-5.3410e-03
-6.8149e-03
-8.8979e-03
-1.6224e-02
-2.0649e-02
-2.7256e-02
-3.4971e-02
-4.4465e-02
-6.5657e-02
-9.1354e-02
-1.1870e-01
-5.9457e-02
-8.8682e-02
-2.3599e-02
-1.6862e-02
8.7794e-03
3.0135e-02
1.8802e-02
5.2850e-03
-1.7149e-03
-3.4952e-03
-6.7824e-03
-9.3516e-03
-1.7374e-02
-2.2651e-02
-2.9621e-02
-3.6805e-02
-5.3245e-02
-6.9746e-02
-9.3495e-02
-1.5520e-01
-7.7687e-02
-1.2581e-01
-2.7188e-02
-8.4034e-03
2.1571e-02
4.6340e-02
4.1222e-02
2.1492e-02
-2.4817e-03
-3.5891e-03
-4.4462e-03
-6.5799e-03
-9.2202e-03
-1.2760e-02
-1.7245e-02
-2.1319e-02
-1.9504e-02
-3.0139e-02
-1.8006e-02
-2.8697e-02
-3.3755e-02
-2.9330e-02
-1.7841e-02
-3.0086e-03
1.5087e-01
1.3304e-01
9.8751e-03
4.7768e-03
-5.6339e-03
-6.0175e-03
-3.8211e-03
-3.7320e-03
-3.7839e-03
-5.5402e-03
-4.8520e-03
8.6748e-04
2.6406e-03
-4.3725e-03
-1.1257e-02
-2.1880e-02
-2.6283e-02
-1.8136e-02
2.7943e-04
1.2620e-02
2.2919e-01
-1.7048e-02
-1.1069e-02
-1.5301e-02
-3.3955e-03
-3.8454e-03
-3.0637e-03
-2.2669e-03
-6.7623e-04
-3.5058e-04
2.3125e-03
8.7998e-03
1.2733e-02
1.6709e-02
-8.9113e-04
-6.4172e-03
-9.1356e-03
-4.7260e-03
5.6812e-03
1.1471e-02
2.5641e-01
1.2902e-01
-6.4383e-03
-1.4828e-02
-1.6883e-03
-1.5932e-03
-1.0959e-03
-5.9156e-04
4.2871e-04
1.2892e-03
2.8865e-03
6.1828e-03
7.6635e-03
1.0924e-02
1.2810e-03
-1.8623e-03
-4.1905e-03
-2.8997e-03
1.4564e-03
4.2366e-03
1.2737e-01
1.1099e-01
-1.4149e-03
-9.2964e-03
-1.6883e-03
-1.5932e-03
-1.0959e-03
-5.9156e-04
4.2871e-04
1.2892e-03
2.8865e-03
6.1828e-03
7.6635e-03
1.0924e-02
1.2810e-03
-1.8623e-03
-4.1905e-03
-2.8997e-03
1.4564e-03
4.2366e-03
1.2737e-01
1.1099e-01
-1.4149e-03
-9.2964e-03
2.6678e-05
-6.3790e-06
-5.4680e-05
-8.8371e-05
-3.4022e-04
-8.2381e-04
-1.2788e-03
-1.0610e-03
-1.1966e-03
-1.6842e-03
-2.1667e-03
-2.5024e-03
-2.1045e-03
-1.1311e-03
-1.5535e-04
-6.0332e-04
-2.3368e-03
-2.6534e-03
-2.1302e-03
-2.3345e-03
8.3100e-05
3.7303e-05
-6.6284e-05
-1.6761e-04
-6.3298e-04
-1.6058e-03
-3.6999e-03
-3.9166e-03
-2.8218e-03
-2.9947e-03
-3.6632e-03
-4.0025e-03
-4.3233e-03
-3.6653e-03
-6.5426e-05
-7.0569e-04
-6.3638e-03
-8.2410e-03
-6.1148e-03
-5.9806e-03
2.2266e-04
1.3445e-04
-9.6083e-05
-3.4770e-04
-9.8529e-04
-1.9396e-03
-3.9836e-03
-4.9925e-03
-4.7688e-03
-4.6202e-03
-5.4311e-03
-7.3953e-03
-9.7424e-03
-9.9526e-03
-6.3618e-03
-4.9617e-03
-7.2511e-03
-8.5703e-03
-6.4370e-03
-6.9310e-03
2.6963e-04
1.5938e-04
-1.4102e-04
-4.7557e-04
-1.2178e-03
-2.1419e-03
-3.7223e-03
-4.6654e-03
-5.0760e-03
-4.4256e-03
-4.0091e-03
-8.7055e-03
-1.7976e-02
-1.7934e-02
-1.2362e-02
-1.0833e-02
-9.7240e-03
-9.2972e-03
-4.9112e-03
-4.4556e-03
-1.4619e-04
-1.9672e-04
-3.9897e-04
-5.9154e-04
-1.2581e-03
-2.4627e-03
-5.0355e-03
-7.3810e-03
-5.7556e-03
-6.1808e-03
-7.9858e-03
-8.6125e-03
-1.0322e-02
-1.3094e-02
-1.8874e-02
-1.8719e-02
-1.8629e-02
-1.7700e-02
-1.0625e-02
-9.0227e-03
-9.0471e-04
-9.0062e-04
-8.2579e-04
-3.1261e-04
4.4957e-04
-1.0877e-03
-5.7353e-03
-1.0555e-02
-9.5265e-03
-1.0033e-02
-1.4552e-02
-1.1802e-02
-5.1995e-03
-8.9174e-03
-2.4639e-02
-2.8085e-02
-2.7550e-02
-2.6708e-02
-1.7665e-02
-1.5644e-02
-4.0612e-03
-3.6713e-03
-3.1851e-03
-2.7079e-03
-1.5173e-03
-2.2792e-03
-3.7634e-03
-6.5656e-03
-1.0264e-02
-1.1643e-02
-1.2808e-02
-1.3748e-02
-1.7522e-02
-2.0801e-02
-2.5516e-02
-3.0467e-02
-3.8436e-02
-3.5511e-02
-2.4453e-02
-2.3420e-02
-9.0453e-03
-7.1846e-03
-5.4102e-03
-4.6528e-03
-4.3049e-03
-5.5455e-03
-4.5082e-03
-6.3745e-03
-8.7225e-03
-1.0442e-02
-1.3719e-02
-1.7774e-02
-3.2967e-02
-3.9259e-02
-3.7852e-02
-3.9105e-02
-3.4624e-02
-2.8770e-02
-1.5185e-02
-1.8167e-02
-6.4610e-03
-5.9875e-03
-8.6861e-03
-8.3671e-03
-8.4460e-03
-9.3986e-03
-5.8185e-03
-6.5394e-03
-8.1201e-03
-9.4867e-03
-1.4514e-02
-1.8165e-02
-2.1785e-02
-2.9723e-02
-4.1941e-02
-4.9482e-02
-4.8208e-02
-5.3852e-02
-3.7238e-02
-3.9284e-02
-5.3998e-03
-5.2499e-03
-9.1666e-03
-1.0354e-02
-1.3269e-02
-1.4334e-02
-7.0056e-03
-6.3231e-03
-5.4404e-03
-5.7365e-03
-7.4354e-03
-7.8785e-03
-4.1809e-03
-5.5956e-03
-9.7240e-03
-2.2330e-02
-6.4397e-02
-1.1323e-01
-8.7671e-02
-9.1532e-02
-1.8071e-03
-3.0529e-03
-7.5956e-03
-9.4599e-03
-1.1786e-02
-1.2384e-02
-1.0609e-02
-9.5998e-03
-9.4957e-03
-1.1351e-02
-1.2516e-02
-1.4493e-02
-1.4833e-02
-1.5923e-02
-2.1653e-02
-4.6685e-02
-6.0958e-02
-1.0908e-01
-4.8720e-02
-6.0480e-02
3.9125e-03
8.0689e-04
-5.9169e-03
-8.4924e-03
-9.7304e-03
-8.9944e-03
-6.4090e-03
-6.7996e-03
-1.0098e-02
-1.4990e-02
-2.2536e-02
-3.0932e-02
-5.2069e-02
-5.8077e-02
-6.2680e-02
-1.4884e-01
-1.1199e-01
-1.8130e-01
-5.8038e-02
-6.7066e-02
5.2363e-04
-1.9965e-04
-5.0180e-03
-7.6632e-03
-9.7700e-03
-1.1202e-02
-1.1733e-02
-1.4395e-02
-1.9909e-02
-2.7579e-02
-3.3039e-02
-4.5354e-02
-3.9276e-02
-5.3188e-02
-6.8035e-02
-9.2802e-02
-3.9792e-02
-5.1773e-02
-5.9175e-02
-5.5211e-02
-1.0677e-02
-8.5112e-03
-7.5493e-03
-8.6629e-03
-1.1383e-02
-1.4922e-02
-2.1324e-02
-2.6979e-02
-3.6252e-02
-5.0206e-02
-7.1027e-02
-7.9230e-02
-2.6912e-02
-4.5712e-02
-9.1701e-02
-1.2873e-01
-3.3665e-02
-3.4207e-02
-3.5329e-02
-3.5182e-02
-5.6687e-03
-6.3638e-03
-6.9669e-03
-8.2371e-03
-1.5078e-02
-1.9203e-02
-2.6979e-02
-3.5633e-02
-4.6365e-02
-6.8115e-02
-1.0141e-01
-1.3282e-01
-5.7969e-02
-9.8871e-02
-3.1204e-02
-2.3713e-02
7.7283e-03
3.6512e-02
2.3175e-02
6.2154e-03
2.0053e-04
-2.7476e-03
-7.7020e-03
-1.0266e-02
-1.8674e-02
-2.3142e-02
-3.0608e-02
-4.4958e-02
-8.3607e-02
-1.1756e-01
-1.5793e-01
-2.2123e-01
-1.0450e-01
-2.1836e-01
-5.0212e-02
-2.0483e-02
3.6127e-02
6.7948e-02
5.2724e-02
2.3521e-02
2.0946e-05
-9.3686e-04
-4.6234e-03
-7.1626e-03
-1.0119e-02
-1.3634e-02
-1.8663e-02
-2.5751e-02
-3.0211e-02
-4.7067e-02
-2.3648e-02
-3.4680e-02
-3.9737e-02
-3.7631e-02
-3.0396e-02
-1.0563e-02
1.7902e-01
2.1941e-01
1.6161e-02
1.2558e-03
-7.4548e-03
-6.6474e-03
-3.5685e-03
-2.6519e-03
-1.3431e-03
-3.5792e-03
-4.5851e-03
1.0155e-02
1.7704e-02
8.1529e-03
-9.2296e-03
-2.1943e-02
-3.0603e-02
-1.6283e-02
1.5267e-02
3.5164e-02
5.4335e-01
-2.4582e-01
-3.3476e-02
-4.5041e-02
-4.4689e-03
-4.7801e-03
-3.9443e-03
-2.0689e-03
1.6142e-03
2.5721e-03
3.5046e-03
1.6122e-02
3.5043e-02
4.9395e-02
6.1041e-03
-1.1592e-03
-8.8252e-03
-1.6647e-03
2.3011e-02
3.5385e-02
7.2366e-01
1.1444e-01
-3.1045e-02
-4.8481e-02
-2.2523e-03
-2.3301e-03
-1.7728e-03
-1.2550e-03
1.1049e-04
1.3217e-03
2.5669e-03
6.1173e-03
1.1800e-02
2.0399e-02
3.7547e-03
-9.3565e-04
-5.1945e-03
-3.3043e-03
4.0291e-03
7.6602e-03
1.5956e-01
1.4283e-01
-4.1948e-03
-1.9850e-02
-2.2523e-03
-2.3301e-03
-1.7728e-03
-1.2550e-03
1.1049e-04
1.3217e-03
2.5669e-03
6.1173e-03
1.1800e-02
2.0399e-02
3.7547e-03
-9.3565e-04
-5.1945e-03
-3.3043e-03
4.0291e-03
7.6602e-03
1.5956e-01
1.4283e-01
-4.1948e-03
-1.9850e-02
-3.3337e-06
-4.1846e-05
-8.4327e-05
-9.3644e-05
-8.3700e-05
-1.6742e-04
-1.3854e-04
-1.8636e-04
-1.1352e-03
-2.0426e-03
-2.7135e-03
-2.7404e-03
-1.5308e-03
-1.3280e-03
-5.8630e-04
-2.0896e-04
-2.6255e-04
-6.1777e-04
-1.4262e-03
-1.6227e-03
6.4514e-05
1.5892e-05
-7.6284e-05
-1.3104e-04
-1.3229e-04
-2.3638e-04
-4.7799e-04
-8.1940e-04
-2.1427e-03
-3.4478e-03
-4.9634e-03
-5.4451e-03
-3.2440e-03
-2.7198e-03
-5.5298e-04
3.8262e-04
-1.3249e-04
-1.2644e-03
-3.0213e-03
-3.9112e-03
3.2218e-04
2.1721e-04
7.2019e-07
-1.9493e-04
-5.0454e-04
-9.8861e-04
-2.8532e-03
-4.4764e-03
-4.7679e-03
-5.2334e-03
-6.1622e-03
-7.3516e-03
-5.4234e-03
-6.0720e-03
-4.1107e-03
-2.5172e-03
-4.7945e-03
-5.6174e-03
-5.0755e-03
-6.0105e-03
4.8520e-04
3.5419e-04
4.0678e-05
-2.9136e-04
-8.8021e-04
-1.4606e-03
-2.8038e-03
-4.2756e-03
-6.1055e-03
-6.2098e-03
-5.5649e-03
-7.8908e-03
-7.7353e-03
-9.0399e-03
-8.5314e-03
-7.6477e-03
-8.5155e-03
-5.5093e-03
2.6996e-05
2.6299e-04
3.4278e-04
3.2517e-04
-3.4841e-05
-6.2502e-04
-1.9147e-03
-3.2595e-03
-5.2352e-03
-6.7882e-03
-5.0350e-03
-5.4591e-03
-4.1473e-03
-4.6615e-03
-1.4244e-02
-1.7953e-02
-1.1991e-02
-1.2281e-02
-1.6992e-02
-1.4554e-02
-8.6030e-03
-4.6730e-03
-1.3227e-04
6.6141e-05
-3.3469e-05
-8.2655e-04
-2.4554e-03
-4.3998e-03
-7.9712e-03
-1.0400e-02
-6.5629e-03
-6.8804e-03
-7.4238e-03
-7.2897e-03
-8.4925e-03
-1.0820e-02
-1.3472e-02
-1.6417e-02
-2.4715e-02
-2.4299e-02
-2.0539e-02
-1.7390e-02
-2.3155e-03
-2.3567e-03
-2.5391e-03
-2.6294e-03
-1.3899e-03
-2.1633e-03
-4.4289e-03
-6.3249e-03
-1.2675e-02
-1.3138e-02
-1.0355e-02
-1.1797e-02
-8.7718e-03
-9.6651e-03
-2.1171e-02
-3.0128e-02
-4.6308e-02
-4.7128e-02
-4.3285e-02
-3.8002e-02
-4.7374e-03
-5.1540e-03
-5.2032e-03
-4.8362e-03
-2.3498e-03
-2.9236e-03
-3.8634e-03
-5.1756e-03
-1.0404e-02
-1.2388e-02
-1.1236e-02
-1.3807e-02
-1.7967e-02
-2.3143e-02
-3.5025e-02
-4.7956e-02
-6.9231e-02
-7.1767e-02
-5.7641e-02
-4.5194e-02
-8.5229e-03
-8.8638e-03
-7.8009e-03
-7.5736e-03
-4.1672e-03
-4.8062e-03
-5.0336e-03
-5.6975e-03
-1.1231e-02
-1.3503e-02
-1.7176e-02
-2.2234e-02
-3.4611e-02
-4.8722e-02
-7.3392e-02
-9.8545e-02
-5.7476e-02
-7.0038e-02
-2.4402e-02
-2.3893e-02
-7.8776e-03
-8.1424e-03
-8.5390e-03
-9.3083e-03
-6.3019e-03
-6.8871e-03
-6.3604e-03
-7.0427e-03
-1.2280e-02
-1.4815e-02
-1.8625e-02
-2.2563e-02
-3.2505e-02
-4.8692e-02
-8.4710e-02
-1.4180e-01
-8.1843e-02
-1.0838e-01
-4.2187e-02
-4.6244e-02
-5.7992e-03
-6.3832e-03
-7.8318e-03
-9.2032e-03
-1.1403e-02
-1.2880e-02
-1.1767e-02
-1.1935e-02
-1.3949e-02
-1.7598e-02
-1.5580e-02
-1.7577e-02
-2.0988e-02
-2.5709e-02
-4.2910e-02
-6.3796e-02
-2.9635e-02
-4.3601e-02
-6.4617e-02
-8.1156e-02
-2.3862e-03
-3.9042e-03
-8.0721e-03
-9.2841e-03
-9.8060e-03
-9.8549e-03
-9.7689e-03
-1.0843e-02
-1.4841e-02
-2.1524e-02
-2.0910e-02
-2.3694e-02
-3.0046e-02
-3.6478e-02
-5.5904e-02
-1.0361e-01
-4.3842e-02
-5.7510e-02
-6.4291e-02
-7.5516e-02
-1.5219e-03
-8.7588e-04
-6.1740e-03
-8.0408e-03
-8.8163e-03
-9.3797e-03
-6.5920e-03
-7.9033e-03
-1.0753e-02
-1.6163e-02
-1.9845e-02
-2.6402e-02
-4.6011e-02
-6.5861e-02
-2.2520e-02
-3.3033e-02
-5.9439e-02
-7.4410e-02
-6.4444e-02
-5.3087e-02
-7.1647e-03
-6.4555e-03
-9.0392e-03
-8.8834e-03
-9.3567e-03
-1.1652e-02
-1.1252e-02
-1.3738e-02
-1.6042e-02
-2.4303e-02
-2.1597e-02
-2.4467e-02
-3.4602e-02
-6.4846e-02
-2.6593e-02
-3.0625e-02
-3.1167e-02
-3.4087e-02
-3.5933e-02
-3.4134e-02
-6.6003e-03
-7.5018e-03
-6.0827e-03
-6.0594e-03
-1.1143e-02
-1.5101e-02
-2.2068e-02
-2.8085e-02
-3.6720e-02
-4.9988e-02
-8.7338e-02
-1.3743e-01
-1.3192e-02
-1.4742e-02
-1.5213e-02
-6.7858e-03
1.1699e-02
2.7719e-02
1.5127e-02
1.2095e-03
-1.1648e-03
-1.9530e-03
-3.6101e-03
-5.4936e-03
-1.3360e-02
-1.9048e-02
-2.5636e-02
-3.4427e-02
-5.6943e-02
-7.9279e-02
-1.4813e-01
-3.2629e-01
-2.8572e-02
-3.0530e-02
-1.6175e-02
1.4334e-02
5.3273e-02
6.7836e-02
4.1475e-02
1.5682e-02
8.5664e-04
1.0420e-03
-3.1258e-03
-6.2879e-03
-1.0909e-02
-1.6093e-02
-2.2041e-02
-3.1039e-02
-7.9589e-02
-1.5857e-01
-1.0102e-01
-1.5935e-01
-4.5549e-02
-4.0830e-02
-1.1510e+00
-4.0177e-01
1.4077e-02
3.4521e-02
2.7593e-02
1.0879e-03
-2.6559e-03
-2.5852e-03
-2.6646e-03
-2.9913e-03
-4.0867e-03
-7.0353e-03
-1.0735e-02
-5.5456e-03
-1.6369e-02
-9.6975e-02
-7.7334e-02
-1.3322e-01
-4.0897e-02
-3.1989e-02
-3.4548e-01
-2.7077e-01
-8.4775e-03
-2.0037e-02
-2.4400e-02
-3.9820e-02
-3.5656e-03
-4.6582e-03
-4.1075e-03
-1.3480e-03
1.4714e-03
2.1046e-03
1.0193e-03
1.1280e-02
4.4412e-03
2.2345e-03
-5.7979e-03
-1.0035e-02
-2.1260e-02
-2.5620e-02
-1.7662e-02
-9.2865e-03
1.1356e-02
-1.7325e-02
-1.9117e-01
-2.1255e-01
-1.5590e-03
-1.8074e-03
-2.0442e-03
-1.5057e-03
-9.5120e-05
7.1608e-04
1.5930e-03
3.7389e-03
1.6198e-03
1.6684e-03
-1.9753e-03
-7.3352e-03
-1.2713e-02
-1.5819e-02
-1.5979e-02
-1.2576e-02
-8.4460e-03
-6.7148e-03
-4.3740e-02
-1.0596e-01
-1.5590e-03
-1.8074e-03
-2.0442e-03
-1.5057e-03
-9.5120e-05
7.1608e-04
1.5930e-03
3.7389e-03
1.6198e-03
1.6684e-03
-1.9753e-03
-7.3352e-03
-1.2713e-02
-1.5819e-02
-1.5979e-02
-1.2576e-02
-8.4460e-03
-6.7148e-03
-4.3740e-02
-1.0596e-01
-4.0289e-05
-8.5218e-05
-1.2922e-04
-1.3363e-04
-3.9489e-05
1.5739e-04
2.1404e-04
4.5497e-05
-1.0946e-03
-2.2063e-03
-3.0569e-03
-2.7207e-03
-1.7398e-03
-2.1192e-03
-1.4313e-03
-2.9979e-04
3.7965e-04
-2.6521e-04
-1.4142e-03
-1.4582e-03
2.7069e-05
-2.6435e-05
-1.2308e-04
-1.6646e-04
2.1706e-05
7.7677e-04
1.2292e-03
8.7933e-04
-1.5447e-03
-3.9119e-03
-7.0901e-03
-7.6362e-03
-3.4058e-03
-2.6948e-03
-1.6751e-03
6.2515e-04
4.7007e-03
3.5951e-03
-1.2592e-03
-2.4879e-03
3.7874e-04
2.5197e-04
2.9200e-05
-1.4054e-04
-2.7759e-04
-1.4856e-04
4.0022e-04
-5.4569e-04
-3.6133e-03
-5.7749e-03
-7.9994e-03
-8.8022e-03
-5.3310e-03
-5.4515e-03
-4.8936e-03
-3.2919e-03
1.3641e-03
3.3384e-03
1.5565e-03
-3.8016e-04
6.2925e-04
4.6049e-04
1.4080e-04
-1.5421e-04
-5.8662e-04
-7.4525e-04
-1.6573e-03
-4.0255e-03
-8.0655e-03
-8.9382e-03
-7.9599e-03
-7.9543e-03
-3.7489e-03
-4.9114e-03
-9.3240e-03
-9.0919e-03
-9.2962e-03
-3.1564e-03
7.4809e-03
7.2250e-03
6.3162e-04
6.4963e-04
2.9598e-04
-5.5751e-04
-2.3174e-03
-3.6608e-03
-4.8931e-03
-6.2542e-03
-5.4447e-03
-6.2963e-03
-5.6674e-03
-5.5847e-03
-8.2978e-03
-8.8643e-03
-1.0172e-02
-1.2024e-02
-1.6594e-02
-1.2711e-02
-1.5220e-03
3.7434e-03
2.2762e-04
7.9275e-04
1.3549e-03
-7.6166e-04
-5.5899e-03
-8.4015e-03
-1.1769e-02
-1.1403e-02
-3.7424e-03
-3.4264e-03
-5.5246e-03
-6.6785e-03
-1.0798e-02
-1.1590e-02
-8.8409e-03
-1.0831e-02
-1.9358e-02
-1.8751e-02
-1.4490e-02
-1.1203e-02
-1.2369e-03
-1.4039e-03
-1.2362e-03
-2.2105e-03
-3.4368e-03
-5.1934e-03
-7.1352e-03
-7.3740e-03
-7.9462e-03
-5.7452e-03
-5.5600e-03
-7.8428e-03
-9.0555e-03
-1.0860e-02
-1.6154e-02
-2.3231e-02
-4.4807e-02
-5.0401e-02
-4.5691e-02
-3.8734e-02
-6.8116e-04
-2.5621e-03
-5.4722e-03
-5.5897e-03
-2.1631e-03
-2.6594e-03
-3.4649e-03
-4.0111e-03
-7.8857e-03
-9.2556e-03
-7.9233e-03
-9.1616e-03
-9.6834e-03
-1.2842e-02
-2.3768e-02
-4.5155e-02
-1.0503e-01
-1.3034e-01
-1.2580e-01
-9.4576e-02
-3.3766e-03
-4.3110e-03
-6.8158e-03
-7.7077e-03
-3.5017e-03
-3.2090e-03
-3.0797e-03
-3.7325e-03
-9.9517e-03
-1.4234e-02
-1.9737e-02
-2.3936e-02
-3.0264e-02
-4.1802e-02
-7.2210e-02
-1.2477e-01
-1.0017e-01
-1.3578e-01
-4.6720e-02
-5.0289e-02
-5.8877e-03
-6.5244e-03
-7.3621e-03
-8.2149e-03
-4.7672e-03
-4.7497e-03
-5.1832e-03
-6.5147e-03
-1.5026e-02
-2.0744e-02
-2.8804e-02
-3.7733e-02
-6.1280e-02
-9.4410e-02
-1.7948e-01
-3.6510e-01
-1.7542e-01
-2.1566e-01
-6.0455e-02
-6.7542e-02
-7.4220e-03
-7.6697e-03
-8.4902e-03
-8.8411e-03
-8.8899e-03
-9.2764e-03
-1.0689e-02
-1.3678e-02
-2.0551e-02
-2.9452e-02
-2.8304e-02
-3.3540e-02
-4.6047e-02
-6.4091e-02
-1.0910e-01
-1.6571e-01
-6.5203e-02
-8.1257e-02
-8.1887e-02
-8.3919e-02
-1.1804e-02
-1.1274e-02
-1.0991e-02
-1.0413e-02
-9.5061e-03
-1.0076e-02
-1.2903e-02
-1.5559e-02
-1.9110e-02
-2.9188e-02
-2.8522e-02
-2.8468e-02
-2.6537e-02
-4.5095e-02
-1.0996e-01
-2.2359e-01
-7.4421e-02
-8.2662e-02
-7.8647e-02
-7.8592e-02
-6.9863e-03
-6.5704e-03
-1.0893e-02
-9.8510e-03
-8.4929e-03
-8.8588e-03
-8.1426e-03
-9.9505e-03
-1.0292e-02
-1.3905e-02
-1.6941e-02
-2.3582e-02
-3.7672e-02
-6.0901e-02
-2.7822e-02
-4.7778e-02
-7.5566e-02
-7.1153e-02
-5.4599e-02
-4.6564e-02
-8.3765e-03
-8.1700e-03
-1.2187e-02
-1.0198e-02
-7.7844e-03
-8.9254e-03
-7.9248e-03
-8.4575e-03
-5.7867e-03
-5.9096e-03
1.1254e-04
-5.4190e-03
-6.2656e-02
-1.1772e-01
-2.8615e-02
-2.1403e-02
-1.3276e-02
-1.4955e-02
-2.8517e-02
-3.2656e-02
-5.2362e-03
-5.6657e-03
-5.1529e-03
-4.9693e-03
-8.2304e-03
-1.1638e-02
-1.6592e-02
-1.8100e-02
-1.5017e-02
-1.7482e-02
-4.0696e-02
-1.0078e-01
-1.6914e-02
-1.5599e-02
9.0232e-03
4.7848e-02
5.5608e-02
3.9571e-02
1.0352e-02
-6.2374e-03
-1.6383e-03
-7.3079e-04
8.8881e-04
-3.6156e-04
-8.4684e-03
-1.5515e-02
-2.2239e-02
-2.4077e-02
-2.6228e-02
-3.1894e-02
-1.2421e-01
-5.7129e-01
-3.9284e-02
-3.4592e-03
4.3101e-02
8.2713e-02
7.6533e-02
4.7546e-02
1.9716e-02
1.7271e-03
-3.3325e-04
3.2190e-04
1.8287e-03
6.4483e-04
-5.0405e-03
-1.1517e-02
-1.9681e-02
-2.6013e-02
-4.3731e-02
-7.6449e-02
-7.3526e-02
-1.4792e-01
-6.3073e-02
-3.3979e-02
-3.4997e-03
1.6499e-01
2.2766e-02
2.1620e-02
9.8571e-03
-3.6777e-03
-1.1703e-03
-9.5557e-04
-1.6333e-03
-2.3035e-03
-4.2324e-03
-7.5138e-03
-1.2319e-02
-1.8108e-02
-5.6330e-02
-1.4265e-01
-1.0391e-01
-1.5302e-01
-3.8942e-02
-3.9446e-02
-8.3484e-01
-1.5181e+00
-6.1636e-02
-4.1818e-02
-2.0481e-02
-2.0212e-02
-1.1362e-03
-1.6399e-03
-2.0509e-03
-1.7647e-03
-1.3476e-03
-1.2582e-03
-2.7279e-03
-3.1858e-03
-8.0228e-03
-1.9887e-02
-3.3462e-02
-3.4245e-02
-3.5242e-02
-5.7334e-02
-8.3705e-02
-8.8977e-02
-1.0852e-01
-7.0682e-02
-1.1739e-01
-7.5849e-02
-4.7284e-04
-6.9123e-04
-1.1529e-03
-9.3958e-04
-5.1596e-04
-2.6746e-04
1.9249e-04
-5.4942e-04
-3.7861e-03
-1.1821e-02
-2.0733e-02
-2.4732e-02
-2.4470e-02
-3.8129e-02
-6.9891e-02
-7.6450e-02
-5.7579e-02
-3.2118e-02
-6.1000e-02
-6.3422e-02
-4.7284e-04
-6.9123e-04
-1.1529e-03
-9.3958e-04
-5.1596e-04
-2.6746e-04
1.9249e-04
-5.4942e-04
-3.7861e-03
-1.1821e-02
-2.0733e-02
-2.4732e-02
-2.4470e-02
-3.8129e-02
-6.9891e-02
-7.6450e-02
-5.7579e-02
-3.2118e-02
-6.1000e-02
-6.3422e-02
-1.4890e-04
-2.0748e-04
-2.3343e-04
-1.9957e-04
-2.0280e-04
-2.6168e-04
-2.3733e-04
-3.6259e-04
-8.3377e-04
-1.0158e-03
-9.8134e-04
-1.4069e-03
-3.4609e-03
-3.8556e-03
-2.0683e-03
-1.6175e-03
-2.1219e-03
-2.8197e-03
-2.5866e-03
-2.4588e-03
-9.6966e-05
-1.6655e-04
-2.6783e-04
-2.6898e-04
-3.2527e-04
-4.5205e-04
-1.6378e-04
-1.8480e-04
-1.2584e-03
-2.1834e-03
-2.3631e-03
-3.3476e-03
-6.1142e-03
-6.3139e-03
-3.6327e-03
-2.5293e-03
-7.5520e-04
-1.1165e-03
-3.8054e-03
-4.5054e-03
4.5168e-04
2.8129e-04
1.7055e-05
-1.4053e-04
-3.1363e-04
-2.8871e-04
2.1906e-04
5.2674e-05
-2.7031e-03
-4.7769e-03
-7.7137e-03
-9.4749e-03
-8.4319e-03
-7.3395e-03
-4.3714e-03
-3.4715e-03
5.6595e-04
1.7833e-03
-1.9369e-03
-4.7632e-03
9.0927e-04
6.6224e-04
2.5998e-04
3.9661e-06
-2.5211e-04
-4.7764e-04
-6.3316e-04
-1.4720e-03
-5.6220e-03
-7.9545e-03
-9.3607e-03
-9.2072e-03
-7.1759e-03
-7.3719e-03
-6.0934e-03
-4.9081e-03
-1.8348e-03
-8.5419e-04
1.6491e-03
2.1000e-03
1.1843e-03
7.9735e-04
1.3171e-04
-3.7326e-04
-9.4561e-04
-1.3164e-03
-1.1875e-03
-2.5078e-03
-8.1822e-03
-1.0111e-02
-6.4232e-03
-6.6444e-03
-8.8544e-03
-7.6146e-03
-1.3047e-02
-1.5309e-02
-1.5180e-02
-1.4400e-02
-2.7069e-03
-2.1060e-04
1.1520e-03
4.8519e-04
-2.0327e-04
-9.3111e-04
-2.4905e-03
-3.7693e-03
-2.8788e-03
-3.5146e-03
-5.0060e-03
-5.6191e-03
-5.4624e-03
-6.9783e-03
-1.1842e-02
-1.2392e-02
-1.6422e-02
-1.8578e-02
-2.3962e-02
-2.7623e-02
-9.1692e-03
-8.3983e-03
-2.3186e-03
-1.8375e-03
-6.9885e-04
-1.3883e-03
-7.1256e-03
-9.7183e-03
-1.1649e-02
-1.1721e-02
-5.7548e-03
-2.7341e-03
-3.2110e-03
-5.5775e-03
-9.1622e-03
-1.2673e-02
-1.7472e-02
-2.3171e-02
-3.9347e-02
-5.1639e-02
-2.0201e-02
-2.1274e-02
-5.3311e-03
-3.8151e-03
-1.9775e-03
-2.9630e-03
-7.9234e-03
-9.5701e-03
-1.0070e-02
-8.9390e-03
-7.1967e-03
-6.8103e-03
-4.6968e-03
-5.1004e-03
-5.8572e-03
-9.1350e-03
-1.8421e-02
-3.3215e-02
-6.7697e-02
-9.9204e-02
-3.8134e-02
-3.8244e-02
-3.2009e-03
-2.7111e-03
-6.2835e-03
-7.6250e-03
-4.0034e-03
-3.8536e-03
-3.6900e-03
-3.3472e-03
-8.0831e-03
-1.2611e-02
-1.9027e-02
-2.2859e-02
-2.0366e-02
-2.5885e-02
-4.2367e-02
-6.7691e-02
-1.2332e-01
-1.7074e-01
-6.0202e-02
-7.5248e-02
-3.8975e-03
-3.6169e-03
-6.0876e-03
-6.9505e-03
-4.1193e-03
-4.2708e-03
-4.4471e-03
-4.6223e-03
-1.1374e-02
-2.0363e-02
-3.5222e-02
-4.5991e-02
-4.3863e-02
-5.8924e-02
-8.7822e-02
-1.3199e-01
-1.9172e-01
-2.4570e-01
-6.5046e-02
-7.6670e-02
-4.2796e-03
-4.5693e-03
-7.6767e-03
-7.1974e-03
-6.5652e-03
-6.7269e-03
-9.5133e-03
-1.4207e-02
-2.6598e-02
-4.4116e-02
-4.6491e-02
-5.6407e-02
-7.6094e-02
-1.0882e-01
-1.6105e-01
-2.3230e-01
-3.2481e-01
-3.6762e-01
-7.4655e-02
-7.1571e-02
-5.8315e-03
-5.8948e-03
-9.4515e-03
-8.9596e-03
-7.6698e-03
-8.5901e-03
-1.3957e-02
-2.1469e-02
-3.7509e-02
-6.9970e-02
-5.9484e-02
-6.4592e-02
-7.4695e-02
-1.1926e-01
-2.0129e-01
-2.9686e-01
-3.5287e-01
-3.5996e-01
-7.2698e-02
-6.5860e-02
-4.9258e-03
-6.5904e-03
-1.3079e-02
-1.1529e-02
-9.1138e-03
-8.6232e-03
-1.0974e-02
-1.3653e-02
-1.6752e-02
-2.0002e-02
-3.3614e-02
-4.4367e-02
-1.8559e-02
-2.9203e-02
-5.5554e-02
-8.3233e-02
-3.9446e-01
-3.1433e-01
-5.8261e-02
-5.1779e-02
-1.4596e-03
-3.8985e-03
-1.0496e-02
-1.0299e-02
-7.9548e-03
-6.4174e-03
-3.9381e-03
-3.9868e-03
-3.5248e-03
-1.2796e-03
-3.7743e-04
-1.6709e-02
-2.4634e-02
-4.4168e-02
-6.0585e-02
-6.6041e-02
-2.3690e-01
-2.2372e-01
-6.0012e-02
-5.5535e-02
-2.1396e-03
-3.5454e-03
-5.5808e-03
-6.4061e-03
-7.3828e-03
-1.0385e-02
-1.6385e-02
-1.6674e-02
-8.1273e-03
-6.6665e-03
-1.3782e-02
-3.6615e-02
-2.6930e-02
-4.2171e-02
-2.3671e-02
9.9517e-03
2.2200e-02
6.6494e-03
-1.2444e-02
-2.4474e-02
-2.0860e-03
-4.3421e-05
3.3806e-03
3.0112e-03
-3.2632e-03
-1.1458e-02
-3.0147e-02
-3.5116e-02
-2.2077e-02
-2.3577e-02
-6.0799e-02
-1.6307e-01
-3.7686e-02
-1.3895e-02
4.2197e-02
6.0061e-02
3.6945e-02
7.1846e-03
-8.6932e-03
-1.1979e-02
-3.6722e-04
-5.5354e-05
2.6865e-03
3.7824e-03
-1.9881e-04
-7.5631e-03
-2.2036e-02
-3.4564e-02
-3.3583e-02
-4.9450e-02
-2.3320e-02
-5.3238e-02
-3.2298e-01
-1.6498e-01
3.1614e-02
4.9457e-02
3.9023e-02
1.2153e-02
1.8621e-03
4.9299e-03
1.5947e-03
-9.9947e-04
-4.4047e-03
-4.3819e-03
-1.7137e-03
-6.8194e-04
-2.4688e-03
-1.3923e-02
-4.3278e-02
-8.9139e-02
-3.5135e-02
-4.5510e-02
-1.9130e-01
-1.4271e-01
-3.3173e-02
-3.5681e-02
-1.2435e-02
-8.1996e-03
6.2217e-03
1.0698e-02
1.4325e-03
1.9208e-04
-2.7103e-03
-4.1964e-03
-2.2967e-03
2.6957e-04
4.7762e-03
3.7004e-03
-1.3575e-02
-3.4727e-02
-5.6726e-02
-5.8722e-02
-3.5759e-02
-4.3394e-02
-1.1079e-01
-1.5083e-01
-5.6722e-01
-2.3218e-01
6.8603e-03
2.2408e-02
5.4930e-04
2.1255e-04
-9.8527e-04
-1.5657e-03
-1.1255e-03
1.4538e-04
3.3806e-03
3.5990e-03
-6.7698e-03
-2.1387e-02
-3.6281e-02
-3.7932e-02
-2.8009e-02
-4.0468e-02
-7.9479e-02
-8.6448e-02
-2.5744e-01
-1.1216e-01
-1.3490e-02
2.8137e-03
5.4930e-04
2.1255e-04
-9.8527e-04
-1.5657e-03
-1.1255e-03
1.4538e-04
3.3806e-03
3.5990e-03
-6.7698e-03
-2.1387e-02
-3.6281e-02
-3.7932e-02
-2.8009e-02
-4.0468e-02
-7.9479e-02
-8.6448e-02
-2.5744e-01
-1.1216e-01
-1.3490e-02
2.8137e-03
-2.5288e-04
-3.3135e-04
-3.3818e-04
-2.4547e-04
-2.1069e-04
-4.5352e-04
-6.1417e-04
-7.6193e-04
-8.1810e-04
-4.8401e-05
-1.8938e-04
-1.2579e-03
-4.0786e-03
-3.8259e-03
-2.2588e-03
-2.5280e-03
-4.2484e-03
-4.6424e-03
-3.4414e-03
-3.2353e-03
-2.3458e-04
-3.2907e-04
-4.3929e-04
-3.6457e-04
-4.3925e-04
-1.4229e-03
-1.9329e-03
-1.8573e-03
-1.5348e-03
-4.9017e-04
5.5678e-04
-1.0388e-03
-8.8528e-03
-1.0179e-02
-5.0694e-03
-4.8126e-03
-8.6777e-03
-8.8284e-03
-6.9973e-03
-7.3462e-03
4.7607e-04
2.7489e-04
-3.1615e-05
-1.7018e-04
-2.9141e-04
-7.5461e-04
-1.4586e-03
-1.8021e-03
-3.0335e-03
-3.5409e-03
-3.8728e-03
-5.0097e-03
-8.5836e-03
-9.7522e-03
-5.7468e-03
-4.9273e-03
-3.9411e-03
-4.2741e-03
-9.9039e-03
-1.2027e-02
1.1310e-03
8.5446e-04
3.8558e-04
1.0641e-04
-1.1968e-04
-5.5176e-04
-6.3866e-04
-8.6561e-04
-3.7383e-03
-6.6558e-03
-1.0593e-02
-1.0134e-02
-8.2394e-03
-8.3386e-03
-3.3487e-03
-4.0887e-04
4.8543e-03
2.9111e-03
-6.4724e-03
-9.0953e-03
1.8919e-03
1.1000e-03
7.7325e-07
-2.8530e-04
6.1603e-05
4.1723e-04
-1.7063e-05
-7.6991e-04
-4.3380e-03
-6.9526e-03
-7.1501e-03
-8.2957e-03
-1.2972e-02
-1.2110e-02
-1.1797e-02
-9.8917e-03
-3.9267e-03
-5.5489e-03
-6.2901e-03
-7.8462e-03
3.2124e-03
9.2297e-04
-2.2816e-03
-1.8239e-03
6.9053e-04
1.6584e-03
1.8493e-03
6.8771e-04
-4.8065e-03
-7.0926e-03
-5.6847e-03
-7.6473e-03
-1.5038e-02
-1.6118e-02
-2.2274e-02
-2.2768e-02
-2.5478e-02
-3.6449e-02
-1.3880e-02
-1.5366e-02
-2.2250e-03
-1.6734e-03
-1.8805e-03
-2.6390e-03
-5.2184e-03
-5.1788e-03
-3.7394e-03
-3.5701e-03
-5.0629e-03
-5.2692e-03
-3.9790e-03
-5.2707e-03
-8.8895e-03
-1.3099e-02
-2.1741e-02
-2.9641e-02
-4.7632e-02
-7.0442e-02
-3.0995e-02
-3.3894e-02
-1.1937e-02
-7.0222e-03
-6.1171e-04
-2.1855e-03
-1.2746e-02
-1.4799e-02
-1.4392e-02
-1.2049e-02
-7.4055e-03
-5.8179e-03
-1.9538e-03
-4.6937e-04
1.4350e-03
-1.9375e-03
-1.1404e-02
-2.7725e-02
-7.0936e-02
-1.3168e-01
-5.3472e-02
-5.6746e-02
-7.2494e-03
-5.7262e-03
-3.9848e-03
-3.6984e-03
-5.8837e-03
-7.8464e-03
-8.4679e-03
-7.2022e-03
-8.7772e-03
-1.0448e-02
-1.4850e-02
-1.7340e-02
-1.3956e-02
-2.0197e-02
-3.8129e-02
-6.7027e-02
-1.1382e-01
-1.6261e-01
-6.0882e-02
-7.4276e-02
-5.5802e-03
-4.5852e-03
-5.5145e-03
-5.8939e-03
-3.6989e-03
-4.3090e-03
-4.5477e-03
-3.2343e-03
-3.8228e-03
-1.4126e-02
-3.5314e-02
-4.5160e-02
-3.9904e-02
-5.4144e-02
-8.2822e-02
-1.3177e-01
-1.8989e-01
-2.3267e-01
-6.2130e-02
-7.4399e-02
-4.5609e-03
-4.1996e-03
-5.6178e-03
-5.1785e-03
-4.8495e-03
-4.6204e-03
-7.3919e-03
-1.1216e-02
-2.0921e-02
-4.5224e-02
-5.9708e-02
-7.2340e-02
-8.6911e-02
-1.2236e-01
-1.6416e-01
-1.9814e-01
-2.2506e-01
-2.3501e-01
-5.8794e-02
-6.4810e-02
-4.8474e-03
-4.2696e-03
-7.4307e-03
-6.8852e-03
-4.8873e-03
-5.9880e-03
-1.3154e-02
-2.4247e-02
-5.5217e-02
-1.3084e-01
-1.0140e-01
-1.1275e-01
-1.3834e-01
-2.2920e-01
-3.3234e-01
-3.1024e-01
-2.2144e-01
-2.0470e-01
-4.0241e-02
-4.3201e-02
-6.7936e-04
-2.6191e-03
-8.4941e-03
-9.3867e-03
-7.6862e-03
-7.1264e-03
-9.8700e-03
-1.5693e-02
-2.8197e-02
-4.1378e-02
-7.2342e-02
-8.7734e-02
-3.5975e-02
-6.5422e-02
-1.0881e-01
-1.1358e-01
-4.0148e-01
-3.4051e-01
-6.5912e-02
-5.4131e-02
7.2747e-03
2.5865e-03
-7.0089e-03
-9.8909e-03
-8.4246e-03
-4.5670e-03
4.3269e-03
4.6263e-03
3.0266e-03
7.8531e-03
8.9841e-03
-2.2937e-02
-3.0720e-02
-6.7860e-02
-1.0650e-01
-1.1989e-01
-5.3638e-01
-5.1965e-01
-1.1555e-01
-9.3938e-02
6.6689e-03
4.8450e-03
-2.0165e-03
-5.5683e-03
-8.9516e-03
-1.2237e-02
-1.2485e-02
-9.5402e-03
-2.9978e-03
1.7312e-03
4.7089e-03
-3.5920e-02
-2.6959e-02
-4.1106e-02
-5.0129e-02
-5.7767e-02
-7.9135e-02
-8.0850e-02
-7.4513e-02
-6.2373e-02
-4.0632e-03
-7.6764e-04
5.3162e-03
5.6474e-03
2.5154e-03
-9.9947e-03
-4.6217e-02
-5.6493e-02
-3.3676e-02
-4.5148e-02
-9.7909e-02
-2.0183e-01
-4.1555e-02
-1.6470e-02
-4.0938e-03
-2.7405e-02
-4.8066e-02
-5.7234e-02
-3.5755e-02
-2.3940e-02
-1.4743e-03
-2.6541e-03
4.0326e-04
3.0955e-03
6.1911e-03
1.3627e-03
-2.6121e-02
-5.2273e-02
-5.1270e-02
-8.1035e-02
-3.5722e-02
-6.3784e-02
-2.9002e-01
-1.1832e-01
2.0140e-02
2.6407e-02
1.0536e-02
-2.6791e-03
1.1537e-02
2.0201e-02
7.9757e-03
7.5587e-04
-1.0318e-02
-1.0331e-02
-6.4223e-04
7.4316e-03
1.6089e-02
-1.0710e-02
-7.3294e-02
-1.4280e-01
-4.6675e-02
-6.5509e-02
-3.0243e-01
-2.2160e-01
-1.5432e-02
1.9939e-02
5.3073e-02
5.8705e-02
5.4388e-02
5.2825e-02
8.8882e-03
5.6643e-03
-4.5917e-03
-8.4546e-03
-2.4799e-03
4.5701e-03
2.3707e-02
2.9392e-02
-1.4874e-02
-3.8887e-02
-6.0613e-02
-6.0547e-02
-5.6041e-02
-5.3149e-02
-5.9504e-02
-4.2330e-02
9.2984e-02
2.6946e-01
2.2992e-01
1.7793e-01
2.7591e-03
2.8923e-03
4.6079e-04
-2.0901e-03
-1.9134e-03
1.4493e-03
8.3487e-03
1.5225e-02
-6.6573e-03
-2.4337e-02
-3.8208e-02
-3.5607e-02
-2.8363e-02
-3.2278e-02
-3.4708e-02
-2.2575e-02
2.0918e-03
6.6248e-02
9.0059e-02
7.7572e-02
2.7591e-03
2.8923e-03
4.6079e-04
-2.0901e-03
-1.9134e-03
1.4493e-03
8.3487e-03
1.5225e-02
-6.6573e-03
-2.4337e-02
-3.8208e-02
-3.5607e-02
-2.8363e-02
-3.2278e-02
-3.4708e-02
-2.2575e-02
2.0918e-03
6.6248e-02
9.0059e-02
7.7572e-02
-4.6229e-04
-6.4182e-04
-7.3000e-04
-5.0759e-04
3.4098e-05
3.2457e-04
-3.8391e-05
-4.1992e-04
-9.4691e-04
-1.7163e-04
5.0086e-04
-2.3239e-04
-8.6184e-04
-1.1561e-03
-3.1237e-03
-4.0812e-03
-5.7590e-03
-6.2668e-03
-2.3682e-03
-2.2306e-03
-6.4371e-04
-8.9810e-04
-1.3966e-03
-1.0608e-03
-1.1632e-04
-1.5282e-05
-3.6543e-04
-8.5925e-04
-1.9765e-03
-9.4126e-04
1.6347e-03
1.2326e-03
-2.1189e-03
-3.5507e-03
-6.5995e-03
-7.6482e-03
-1.0745e-02
-1.2824e-02
-4.7682e-03
-4.8539e-03
4.4783e-04
1.8264e-04
-2.4711e-04
-3.7098e-04
-7.3952e-05
-1.6715e-04
-1.6304e-03
-2.3868e-03
-2.2125e-03
-2.0450e-03
-5.6697e-04
-6.8242e-04
-9.2045e-03
-1.5024e-02
-1.6445e-02
-1.5421e-02
-1.4571e-02
-1.4846e-02
-1.5136e-02
-1.6976e-02
1.9055e-03
1.5543e-03
1.1213e-03
6.7100e-04
1.0488e-04
-1.2693e-04
-1.4269e-04
-4.9482e-04
-1.9425e-03
-3.4625e-03
-5.9310e-03
-6.8223e-03
-1.0532e-02
-1.4568e-02
-1.7731e-02
-1.6681e-02
-1.0497e-02
-9.5601e-03
-1.5380e-02
-1.6488e-02
1.9116e-03
1.6806e-03
9.6648e-04
4.6128e-04
-5.3741e-05
-2.0693e-04
1.3096e-04
4.2374e-04
-1.1519e-03
-3.9675e-03
-1.2716e-02
-1.6244e-02
-1.6116e-02
-1.5897e-02
-1.6977e-02
-1.8572e-02
-6.1493e-03
-6.7337e-03
-1.1695e-02
-1.4265e-02
1.9587e-03
1.4493e-03
-2.9145e-04
-8.9788e-04
-4.0928e-04
5.7392e-05
1.7262e-03
1.6128e-03
-1.5313e-03
-4.0592e-03
-9.8896e-03
-1.4554e-02
-2.0507e-02
-2.0619e-02
-2.1352e-02
-2.8671e-02
-1.3738e-02
-1.6085e-02
-1.8144e-02
-2.0656e-02
-6.2892e-04
-5.6618e-04
-4.1155e-03
-5.6679e-03
-2.4086e-03
-1.8968e-03
-4.8319e-04
-2.4863e-04
-6.5090e-03
-8.0623e-03
-9.2345e-03
-1.2059e-02
-2.0594e-02
-2.6529e-02
-3.2715e-02
-3.8618e-02
-1.6288e-02
-2.3118e-02
-3.1047e-02
-3.3965e-02
-4.2487e-03
-3.8347e-03
-4.8517e-03
-6.5136e-03
-6.0034e-03
-6.4339e-03
-5.6686e-03
-5.8477e-03
-1.1598e-02
-9.3806e-03
-6.8484e-03
-9.3321e-03
-1.6823e-02
-2.4510e-02
-3.5414e-02
-4.1973e-02
-1.8797e-02
-3.0067e-02
-3.9892e-02
-4.8922e-02
-1.1018e-02
-1.1129e-02
-2.6396e-03
-1.7554e-03
-9.7625e-03
-1.3892e-02
-1.4834e-02
-1.4317e-02
-1.3982e-02
-1.3617e-02
-1.4819e-02
-1.6796e-02
-6.7915e-03
-9.2132e-03
-1.3449e-02
-1.8343e-02
-2.7218e-02
-3.8170e-02
-1.9910e-01
-2.1824e-01
-8.6563e-03
-8.2330e-03
-3.7153e-03
-3.2656e-03
-5.3516e-03
-6.6258e-03
-8.2207e-03
-7.3141e-03
-8.4775e-03
-1.4965e-02
-2.7037e-02
-3.5400e-02
-1.4505e-02
-1.7316e-02
-2.1339e-02
-2.9577e-02
-3.7182e-02
-4.3094e-02
-2.2138e-01
-2.4700e-01
-5.3183e-03
-4.7035e-03
-2.2759e-03
-2.5190e-03
-4.7364e-03
-4.9213e-03
-9.8817e-03
-1.2701e-02
-5.8292e-03
-1.0057e-02
-5.4416e-02
-6.1667e-02
-2.2909e-02
-3.1647e-02
-3.9039e-02
-4.3286e-02
-1.7824e-01
-1.8432e-01
-2.0923e-01
-2.2371e-01
-4.6549e-03
-4.2936e-03
-2.2952e-03
-1.7783e-03
-2.8763e-03
-7.1619e-03
-1.7809e-02
-2.6093e-02
-1.2757e-02
-1.8730e-02
-7.4069e-02
-7.9102e-02
-3.2065e-02
-5.3722e-02
-6.6040e-02
-6.6283e-02
-2.0557e-01
-1.6977e-01
-1.6820e-01
-1.7510e-01
-1.0010e-03
-2.2993e-03
-3.8279e-03
-5.7318e-03
-7.2881e-03
-9.0765e-03
-1.8289e-02
-3.0291e-02
-4.6141e-02
-6.3576e-02
-2.6350e-01
-3.7860e-01
-3.9353e-02
-8.5225e-02
-5.1317e-01
-5.0130e-01
-8.8565e-02
-7.3981e-02
-6.7970e-02
-5.7983e-02
8.6085e-03
5.0125e-03
-3.1875e-03
-6.7808e-03
-1.1420e-02
-1.1355e-02
-1.3103e-02
-2.4319e-02
-4.0991e-02
-3.6720e-02
-1.4224e-01
-4.4507e-01
-4.4638e-02
-8.4222e-02
-4.9326e-01
-4.9889e-01
-1.2108e-01
-1.2228e-01
-1.0166e-01
-9.7064e-02
3.3735e-03
2.5091e-03
-8.9856e-03
-1.6787e-02
-2.4629e-02
-3.0192e-02
-9.9504e-03
-1.0451e-02
-1.4262e-02
-1.6399e-02
-1.7573e-02
-2.5661e-02
-3.9286e-02
-3.9828e-02
-1.8769e-01
-2.4137e-01
-3.4599e-01
-3.8674e-01
-2.9630e-01
-2.5421e-01
-2.5353e-03
-4.0436e-03
-1.3531e-02
-1.8318e-02
-2.8284e-02
-4.4299e-02
-1.8579e-02
-1.9700e-02
-2.4003e-02
-3.1860e-02
-4.2181e-02
-5.3010e-02
-3.4681e-02
-8.1960e-03
2.9535e-04
-9.9360e-02
-1.8764e-01
-1.5103e-01
-8.2890e-02
-6.2777e-02
-5.8030e-03
-7.4225e-03
-2.0192e-03
-1.5107e-03
-2.2620e-03
-5.2475e-03
-4.7362e-02
-6.7824e-02
-2.5170e-02
-3.5318e-02
-5.3890e-02
-7.6332e-02
-2.1030e-01
-3.8297e-02
7.3068e-02
2.3431e-02
-4.1584e-02
2.0187e-01
8.3655e-02
1.4197e-01
1.0885e-03
-4.5226e-04
-1.4824e-03
-1.0443e-03
-4.5422e-04
-8.2429e-04
-1.3719e-02
-4.7663e-02
-2.8968e-02
-4.2506e-02
-5.4138e-02
-6.8647e-02
-2.5659e-01
-1.6235e-01
-1.3312e-03
7.5935e-02
1.2440e+00
1.4776e+00
2.1173e-01
2.5599e-01
3.0911e-03
3.2245e-03
-2.4944e-04
-2.0457e-03
-1.4856e-04
1.3816e-03
3.8881e-03
-1.1792e-03
-2.8021e-02
-5.5648e-02
-5.9527e-02
-5.2649e-02
-2.4143e-01
-2.2887e-01
-9.6877e-02
9.2908e-02
3.1317e-01
3.4786e-01
3.5712e-01
3.0986e-01
8.8025e-04
1.3308e-03
3.4797e-03
3.5625e-03
4.8778e-04
1.1543e-03
1.4149e-03
-4.5427e-04
-1.1658e-02
-2.8780e-02
-3.4501e-02
-2.8669e-02
-1.1344e-01
-1.1547e-01
-5.7224e-02
3.1875e-02
1.5704e-01
1.9155e-01
1.7853e-01
1.5189e-01
8.8025e-04
1.3308e-03
3.4797e-03
3.5625e-03
4.8778e-04
1.1543e-03
1.4149e-03
-4.5427e-04
-1.1658e-02
-2.8780e-02
-3.4501e-02
-2.8669e-02
-1.1344e-01
-1.1547e-01
-5.7224e-02
3.1875e-02
1.5704e-01
1.9155e-01
1.7853e-01
1.5189e-01
-6.1688e-04
-8.9771e-04
-1.1368e-03
-7.9516e-04
1.1531e-04
8.8648e-04
4.6559e-04
-1.6429e-04
-1.2371e-03
-5.4440e-04
5.8095e-04
9.7888e-04
6.1452e-04
3.3994e-05
-1.7516e-03
-2.7352e-03
-4.9821e-03
-5.3515e-03
-1.7925e-03
-1.6999e-03
-9.1964e-04
-1.3959e-03
-2.9065e-03
-2.3759e-03
-8.0021e-05
1.2213e-03
1.4305e-03
5.8630e-04
-2.9328e-03
-2.4626e-03
5.0836e-04
2.8638e-03
2.5617e-03
1.2140e-03
-2.5987e-03
-5.0730e-03
-1.0321e-02
-1.4849e-02
-4.4632e-03
-3.4374e-03
2.2009e-04
-1.4576e-04
-1.1657e-03
-1.3817e-03
-2.0218e-04
6.5284e-04
1.6638e-03
1.2833e-03
-1.5725e-03
-2.0925e-03
-7.7695e-04
-3.2594e-05
-1.7450e-03
-7.9863e-03
-1.6165e-02
-1.9417e-02
-1.8741e-02
-1.8502e-02
-1.7885e-02
-1.5194e-02
3.3650e-03
2.7763e-03
2.4585e-03
1.7225e-03
3.7676e-04
2.2560e-04
5.8448e-04
2.5845e-04
-6.1763e-04
-7.6450e-04
-1.0132e-03
-1.9419e-03
-9.4408e-03
-2.0275e-02
-3.4212e-02
-3.8560e-02
-3.4805e-02
-2.9478e-02
-2.2913e-02
-1.9722e-02
2.4581e-03
2.7770e-03
2.7473e-03
1.9549e-03
9.1168e-05
-8.5031e-04
-6.1833e-04
2.4171e-04
1.8645e-04
-1.1782e-03
-6.5681e-03
-1.1118e-02
-1.5623e-02
-1.9014e-02
-2.9546e-02
-4.0451e-02
-1.8589e-02
-2.0147e-02
-1.9387e-02
-1.8482e-02
2.3407e-04
1.3175e-03
2.0353e-03
8.9283e-04
-1.3112e-03
-2.3744e-03
-2.0811e-03
4.3808e-04
3.5924e-03
1.0334e-03
-8.6141e-03
-1.6406e-02
-2.6048e-02
-2.3728e-02
-1.8329e-02
-4.0064e-02
-2.4978e-02
-2.7668e-02
-2.4292e-02
-2.3635e-02
-1.1692e-03
-1.1064e-03
-2.5483e-03
-3.6868e-03
-2.6929e-03
-3.0183e-03
-2.5352e-03
-2.0660e-03
-3.1761e-03
-3.3819e-03
-9.7035e-03
-1.8264e-02
-3.3584e-02
-4.1226e-02
-3.8483e-02
-4.2772e-02
-1.9965e-02
-2.3531e-02
-2.4349e-02
-2.5443e-02
-2.0841e-03
-3.0225e-03
-9.2498e-03
-1.0699e-02
-5.7260e-03
-4.8795e-03
-2.8836e-03
-3.9981e-03
-1.6027e-02
-1.2552e-02
-8.1896e-03
-2.0445e-02
-4.9006e-02
-6.7171e-02
-8.7680e-02
-8.0199e-02
-1.3347e-02
-1.2340e-02
-1.9002e-02
-2.5467e-02
-4.7842e-03
-6.2302e-03
-4.6318e-03
-4.9301e-03
-8.6961e-03
-7.9021e-03
-5.9585e-03
-7.3137e-03
-1.6746e-02
-1.8770e-02
-1.7665e-02
-2.6530e-02
-1.7328e-02
-2.2889e-02
-2.9156e-02
-3.0261e-02
-2.5412e-02
-2.4814e-02
-1.1010e-01
-1.0972e-01
-6.9045e-03
-7.4398e-03
-4.5088e-03
-3.6491e-03
-3.5764e-03
-3.1841e-03
-4.4087e-03
-6.1289e-03
-1.3555e-02
-1.8873e-02
-2.7997e-02
-4.4794e-02
-1.9583e-02
-2.0984e-02
-1.8416e-02
-1.7976e-02
-2.2819e-02
-3.1040e-02
-1.9439e-01
-1.9874e-01
-3.7067e-03
-4.0532e-03
-2.5398e-03
-2.0589e-03
-2.6889e-03
-5.3852e-03
-1.2209e-02
-1.5948e-02
-7.7798e-03
-1.1384e-02
-4.2791e-02
-4.3748e-02
-2.0351e-02
-2.6195e-02
-2.6470e-02
-2.7622e-02
-1.1997e-01
-1.3338e-01
-1.7765e-01
-2.0008e-01
-7.7383e-04
-1.1908e-03
1.6138e-04
1.0357e-03
1.6226e-03
-7.5188e-03
-2.5953e-02
-3.1660e-02
-9.2947e-03
-1.2288e-02
-4.8529e-02
-3.2587e-02
-1.1306e-02
-2.3318e-02
-3.5644e-02
-4.6493e-02
-2.6848e-01
-2.5815e-01
-2.5059e-01
-2.4063e-01
-1.1745e-03
-8.0422e-04
-4.0138e-04
-1.1366e-03
-3.2087e-03
-9.5105e-03
-2.9287e-02
-4.6033e-02
-5.1893e-02
-4.9041e-02
-1.1142e-01
-1.3141e-01
-2.3075e-02
-5.0771e-02
-3.0217e-01
-3.1153e-01
-7.7521e-02
-8.0418e-02
-8.7883e-02
-8.5688e-02
-4.3376e-04
1.1620e-03
1.9718e-03
-1.2165e-03
-1.1324e-02
-1.6363e-02
-3.3159e-02
-6.7198e-02
-1.1310e-01
-1.0205e-01
-2.2100e-01
-5.2661e-01
-5.5583e-02
-8.3345e-02
-4.7893e-01
-4.4387e-01
-7.3191e-02
-7.5770e-02
-8.1132e-02
-8.2983e-02
-1.7098e-03
-3.3431e-03
-1.5771e-02
-2.3836e-02
-3.6994e-02
-4.7194e-02
-1.9357e-02
-2.6692e-02
-4.3480e-02
-5.1077e-02
-5.1576e-02
-5.4617e-02
-7.1226e-02
-5.2817e-02
-1.6386e-01
-1.5499e-01
-8.0108e-02
-6.1739e-02
-8.4951e-02
-1.0109e-01
-2.0973e-03
-9.1607e-03
-4.4780e-02
-5.8878e-02
-7.9427e-02
-9.3250e-02
-2.5712e-02
-2.7371e-02
-4.1297e-02
-5.7208e-02
-7.2327e-02
-6.4455e-02
-2.0492e-02
1.1348e-02
1.0799e-01
1.2989e-01
8.6517e-02
1.6717e-01
1.4693e-01
4.5494e-02
-5.3432e-03
-7.3097e-03
-7.4041e-03
-1.0684e-02
-1.7712e-02
-2.1064e-02
-8.0165e-02
-8.9889e-02
-3.2809e-02
-4.8282e-02
-6.3352e-02
-6.1129e-02
-6.2139e-02
1.0123e-01
1.9334e-01
1.6818e-01
1.3411e+00
1.6006e+00
2.6063e-01
2.5246e-01
-1.1731e-02
-2.9807e-03
6.6071e-03
8.6859e-03
1.9817e-03
-4.6375e-03
-5.3171e-02
-1.1494e-01
-4.0003e-02
-4.7784e-02
-5.5261e-02
-5.3320e-02
-1.8834e-01
-9.2755e-02
3.6038e-02
4.6861e-02
4.7680e-01
6.2114e-01
1.4111e-01
2.1019e-01
-3.3079e-03
-8.0811e-04
2.1365e-02
5.6510e-02
1.0347e-02
6.0433e-03
-3.0570e-03
-1.8803e-02
-4.4925e-02
-5.0647e-02
-4.4574e-02
-3.7806e-02
-1.6812e-01
-1.4721e-01
-5.9989e-02
1.4387e-02
8.3460e-02
9.8380e-02
1.5367e-01
1.8217e-01
-1.5833e-03
-7.0437e-04
5.6335e-03
1.6020e-02
4.1157e-03
2.1571e-03
-2.3153e-03
-1.1736e-02
-2.3179e-02
-2.7662e-02
-2.6192e-02
-2.2891e-02
-9.2770e-02
-8.5999e-02
-4.4257e-02
2.5609e-03
6.4672e-02
8.5791e-02
9.9485e-02
1.0364e-01
-1.5833e-03
-7.0437e-04
5.6335e-03
1.6020e-02
4.1157e-03
2.1571e-03
-2.3153e-03
-1.1736e-02
-2.3179e-02
-2.7662e-02
-2.6192e-02
-2.2891e-02
-9.2770e-02
-8.5999e-02
-4.4257e-02
2.5609e-03
6.4672e-02
8.5791e-02
9.9485e-02
1.0364e-01
-1.1067e-03
-6.9968e-04
2.4620e-05
4.0311e-04
6.4853e-04
8.5222e-04
7.4432e-04
-1.5042e-05
-5.6161e-04
8.4188e-05
1.3739e-03
1.3917e-03
-2.5602e-04
-1.4595e-03
-2.6285e-03
-2.7739e-03
-1.8446e-03
-8.5143e-04
2.2809e-04
2.8700e-04
-1.5770e-03
-7.4564e-04
-1.4540e-04
2.9660e-04
1.0696e-03
1.4098e-03
2.0750e-03
1.2179e-03
-1.5614e-03
-9.7651e-04
2.8931e-03
4.0296e-03
9.5618e-04
-1.0453e-03
-4.5118e-03
-4.9783e-03
-4.0883e-03
-3.3260e-03
-5.6695e-04
-3.3311e-05
-3.0464e-03
-2.2250e-03
-2.5054e-03
-2.5297e-03
1.1320e-04
1.1051e-03
2.6498e-03
2.7492e-03
-1.0802e-03
-2.5417e-03
1.2798e-04
1.7928e-03
7.0525e-04
-1.1691e-03
-5.3236e-03
-7.2464e-03
-8.1700e-03
-8.4165e-03
-1.9287e-02
-1.2841e-02
-2.5877e-03
-1.3429e-03
-6.4286e-04
-4.5428e-04
-1.8210e-04
5.2300e-04
1.6021e-03
1.6717e-03
1.9791e-03
1.1985e-03
4.8525e-04
-9.7387e-04
-2.9134e-03
-6.5670e-03
-9.6900e-03
-1.2003e-02
-1.4067e-02
-1.3844e-02
-3.2045e-02
-2.5771e-02
-7.2105e-04
1.6292e-04
3.5745e-04
1.8941e-04
-9.7254e-04
-1.4921e-03
-1.0425e-03
-5.1116e-04
-3.6974e-04
-9.3531e-04
-3.2506e-03
-6.0887e-03
-3.8676e-03
-6.2195e-03
-3.0393e-02
-4.3659e-02
-2.1526e-02
-2.5493e-02
-2.4597e-02
-2.2980e-02
-2.1108e-03
-1.5235e-03
-1.2121e-03
-1.6888e-03
-3.1357e-03
-3.7498e-03
-3.9167e-03
-2.5795e-03
-7.4562e-06
-1.6543e-03
-8.2410e-03
-1.4097e-02
-5.8714e-03
-3.6330e-03
-1.0690e-02
-3.1993e-02
-1.8577e-02
-2.3907e-02
-2.5947e-02
-2.5704e-02
-1.4618e-03
-1.3395e-03
-9.6997e-04
-1.3325e-03
-2.7743e-03
-3.6881e-03
-5.3904e-03
-4.7882e-03
-1.9487e-03
-1.7817e-03
-1.3082e-02
-2.1353e-02
-3.2433e-02
-3.4504e-02
-7.4731e-03
-9.8800e-03
-6.1499e-02
-6.7844e-02
-1.9089e-02
-1.9796e-02
-1.2044e-03
-1.5002e-03
-2.4903e-03
-3.5486e-03
-4.2850e-03
-4.7585e-03
-4.8202e-03
-5.0306e-03
-5.9690e-03
-5.9734e-03
-1.6469e-02
-2.8271e-02
-4.7905e-02
-6.2660e-02
-2.0924e-02
-2.0578e-02
-5.4722e-02
-4.8839e-02
-1.3450e-02
-1.4725e-02
4.7533e-04
-9.7269e-04
-5.0497e-03
-7.3866e-03
-9.5129e-03
-8.4913e-03
-3.1611e-03
-4.2745e-03
-2.1613e-02
-2.5887e-02
-8.8743e-03
-1.2589e-02
-7.2985e-02
-9.5754e-02
-1.2297e-01
-1.4403e-01
-3.0334e-02
-2.5170e-02
-2.1695e-02
-1.9993e-02
9.9935e-04
-8.0615e-04
-2.8988e-03
-2.8593e-03
-2.3036e-03
-4.3283e-03
-3.9677e-03
-5.5641e-03
-2.2669e-02
-2.9125e-02
-1.2963e-02
-1.6691e-02
-7.3010e-02
-8.5954e-02
-9.7492e-02
-1.2049e-01
-3.0275e-02
-3.4052e-02
-4.2008e-02
-4.4186e-02
-1.3262e-03
-3.3353e-03
-5.1265e-03
-4.4176e-03
-2.5356e-03
-4.6494e-03
-4.2121e-03
-6.5205e-03
-1.1211e-02
-1.5560e-02
-1.7124e-02
-1.7899e-02
-8.1695e-02
-9.9088e-02
-2.1131e-02
-1.6640e-02
-1.2601e-02
-1.5623e-02
-1.1924e-01
-1.6199e-01
-6.9158e-04
-1.3039e-03
-2.1986e-03
-2.6097e-03
-4.4252e-03
-1.0132e-02
-6.2642e-03
-7.9226e-03
-1.0781e-02
-1.5790e-02
-1.8014e-02
-1.3437e-02
-5.1775e-02
-9.7343e-02
-2.6038e-02
-2.7777e-02
-3.4579e-02
-3.5529e-02
-1.4478e-01
-1.5768e-01
-6.1312e-03
-4.8533e-03
-5.4863e-03
-6.5088e-03
-3.3598e-03
-5.6100e-03
-3.2864e-02
-4.5503e-02
-1.4230e-02
-1.2211e-02
-4.3887e-02
-4.5323e-02
-1.1951e-02
-1.9494e-02
-2.0951e-02
-2.0332e-02
-1.5990e-01
-2.1524e-01
-2.2067e-01
-2.3550e-01
-1.2866e-02
-1.0145e-02
-8.6489e-03
-1.2160e-02
-7.9571e-03
-9.4864e-03
-4.2269e-02
-7.3821e-02
-2.7623e-02
-2.5916e-02
-7.9041e-02
-1.2343e-01
-3.2091e-02
-4.1645e-02
-4.2930e-02
-3.2305e-02
-7.5307e-02
-8.3237e-02
-1.0433e-01
-1.3101e-01
-7.6578e-03
-7.8055e-03
-7.7245e-03
-8.9786e-03
-1.3689e-02
-1.6755e-02
-2.1907e-02
-3.3190e-02
-1.8827e-01
-2.2195e-01
-5.7801e-02
-6.7510e-02
-2.9250e-01
-1.7010e-01
-4.9904e-01
-2.1252e-01
3.5713e-02
5.7830e-02
2.8063e-01
1.3421e-02
-6.1200e-03
-8.7896e-03
-1.3926e-02
-1.8077e-02
-2.1463e-02
-2.4379e-02
-2.4492e-02
-3.0235e-02
-1.8562e-01
-2.4747e-01
-6.5049e-02
-6.1685e-02
-1.5496e-01
-6.3920e-02
3.3228e-01
9.7879e-01
1.5444e-01
1.8111e-01
1.0198e+00
3.7980e-01
-4.4702e-03
-5.6521e-03
-3.8382e-02
-6.2697e-02
-8.6841e-02
-1.0038e-01
-8.2853e-02
-9.2254e-02
-1.4168e-01
-1.9223e-01
-1.9496e-01
-1.5671e-01
-2.1330e-03
2.1325e-02
1.2352e-01
1.2437e-01
1.6793e-01
1.9334e-01
2.3883e-01
1.9257e-01
-7.5352e-03
-5.5165e-03
-4.4980e-03
-1.4759e-02
-5.0702e-02
-6.5828e-02
-8.1978e-02
-1.4629e-01
-1.8898e-01
-2.0238e-01
-1.8061e-01
-1.3797e-01
-2.1974e-02
-1.1010e-02
3.4808e-02
3.6290e-02
1.1422e-02
3.0586e-02
1.1509e-01
1.6013e-01
-7.7290e-03
-6.3823e-03
4.2994e-03
1.1094e-02
9.0425e-03
1.8874e-03
-1.0580e-02
-2.7272e-02
-1.8290e-01
-1.3601e-01
-1.0056e-01
-8.3108e-02
-8.9324e-02
-9.5500e-02
-4.1561e-02
-2.2099e-02
-3.4873e-02
-2.1868e-02
3.2483e-02
8.1869e-02
-3.5869e-03
-2.9639e-03
2.6467e-04
2.8577e-03
3.6185e-03
-1.5817e-04
-7.0498e-03
-1.6351e-02
-9.8261e-02
-8.3771e-02
-6.9762e-02
-6.6379e-02
-6.0502e-02
-5.0634e-02
-2.8772e-02
-1.6705e-02
-9.4673e-03
7.6405e-04
2.4371e-02
4.5075e-02
-3.5869e-03
-2.9639e-03
2.6467e-04
2.8577e-03
3.6185e-03
-1.5817e-04
-7.0498e-03
-1.6351e-02
-9.8261e-02
-8.3771e-02
-6.9762e-02
-6.6379e-02
-6.0502e-02
-5.0634e-02
-2.8772e-02
-1.6705e-02
-9.4673e-03
7.6405e-04
2.4371e-02
4.5075e-02
-9.9035e-04
6.5694e-04
1.2121e-03
1.5576e-03
1.1321e-03
7.0216e-04
3.2790e-04
6.3548e-05
7.7265e-05
6.6786e-04
2.1266e-03
1.4246e-03
-1.3328e-03
-3.6694e-03
-5.4147e-03
-5.0695e-03
-2.3924e-03
3.0707e-05
2.3876e-03
2.5568e-03
-2.1922e-03
1.0443e-03
3.4173e-03
4.4205e-03
3.3458e-03
2.0389e-03
7.0138e-04
6.5026e-04
1.8807e-04
1.1731e-03
6.8640e-03
4.8434e-03
-2.0149e-03
-6.9606e-03
-1.2162e-02
-1.1135e-02
-4.7275e-03
4.1872e-04
5.6720e-03
5.7024e-03
-6.8844e-03
-4.5041e-03
1.6238e-03
4.9562e-03
2.5461e-03
2.2977e-03
1.3910e-03
1.2667e-03
1.1982e-03
8.2530e-04
3.9779e-03
3.6922e-03
-1.2234e-03
-4.2914e-03
-9.5740e-03
-1.0824e-02
-9.4378e-03
-7.3489e-03
-9.9164e-03
-3.2528e-03
-1.3414e-02
-1.0484e-02
-7.9635e-03
-5.8757e-03
-5.0791e-04
1.1222e-03
2.9632e-03
3.3199e-03
5.9107e-03
3.9902e-03
2.5532e-04
-3.0486e-03
-2.6140e-03
-3.7898e-03
-3.1527e-03
-4.6643e-03
-1.0963e-02
-1.3881e-02
-4.5160e-02
-3.5388e-02
-5.9620e-03
-5.5400e-03
-5.0374e-03
-4.5978e-03
-3.7190e-03
-2.3420e-03
-2.6124e-04
2.2061e-04
6.5707e-04
-6.7912e-04
-3.5396e-03
-5.9602e-03
-2.5106e-03
-2.6321e-03
-9.4134e-03
-1.4421e-02
-1.1555e-02
-1.8518e-02
-2.5904e-02
-2.7085e-02
-3.9265e-03
-4.4855e-03
-6.0266e-03
-6.2496e-03
-6.1167e-03
-5.3957e-03
-4.9603e-03
-5.1497e-03
-1.1076e-02
-1.0319e-02
-9.6944e-03
-1.1036e-02
-7.7823e-05
3.8872e-03
6.2794e-04
-1.0139e-02
-5.4607e-03
-1.1196e-02
-2.2035e-02
-2.6575e-02
-1.4681e-03
-1.4677e-03
-1.8717e-03
-2.3361e-03
-3.4089e-03
-4.2751e-03
-6.9139e-03
-7.1191e-03
-6.8252e-03
-6.9157e-03
-1.9000e-02
-2.0751e-02
-1.6871e-02
-5.2724e-03
-8.0102e-04
-5.5122e-03
-2.8301e-02
-3.0231e-02
-1.3738e-02
-1.7894e-02
-1.3533e-03
-9.1173e-04
-2.0685e-04
-9.0264e-04
-2.7146e-03
-4.5908e-03
-7.8961e-03
-7.3495e-03
-4.8730e-03
-6.4476e-03
-2.8844e-02
-3.2929e-02
-3.2895e-02
-3.2827e-02
-7.7887e-03
-1.0836e-02
-6.3942e-02
-7.0419e-02
-1.8089e-02
-1.7937e-02
2.7692e-03
1.8591e-03
1.4899e-03
4.1522e-04
-2.8352e-03
-6.8374e-03
-6.5067e-03
-8.3146e-03
-2.0449e-02
-2.3228e-02
-1.3045e-02
-1.6491e-02
-5.7307e-02
-6.2521e-02
-7.7641e-02
-1.1297e-01
-3.8689e-02
-4.0657e-02
-3.7051e-02
-3.1035e-02
9.2235e-03
6.7713e-03
3.4454e-03
2.6185e-03
2.8518e-03
-5.9663e-03
-7.6412e-03
-1.0431e-02
-3.7289e-02
-4.2266e-02
-1.6402e-02
-1.7362e-02
-6.5490e-02
-7.5048e-02
-1.0898e-01
-2.1451e-01
-5.8399e-02
-5.4323e-02
-4.8445e-02
-4.6756e-02
9.0112e-03
7.1827e-03
1.6418e-03
-1.0383e-03
-1.5021e-03
-4.9270e-03
-5.9335e-03
-9.2140e-03
-1.6187e-02
-2.1433e-02
-2.3694e-02
-2.1800e-02
-8.2498e-02
-1.1225e-01
-3.0502e-02
-2.8479e-02
-2.4554e-02
-1.6974e-02
-5.5583e-02
-7.2852e-02
-1.4556e-03
-2.1413e-03
-5.5271e-03
-9.6375e-03
-1.4271e-02
-1.2503e-02
1.0634e-03
-1.4126e-04
-1.2542e-02
-2.1329e-02
-2.3421e-02
-2.2636e-02
-1.0514e-01
-1.9061e-01
-4.5366e-02
-2.7491e-02
-8.6261e-03
-5.3084e-03
-1.7377e-02
-2.4871e-02
-1.2775e-02
-1.2366e-02
-1.5062e-02
-1.9376e-02
-1.0231e-02
-1.1065e-02
-1.9317e-02
-1.3568e-02
-8.2333e-03
-1.1667e-02
-4.9992e-02
-5.8922e-02
-1.6217e-02
-1.6357e-02
-1.3774e-02
-4.0397e-03
5.0622e-03
2.2199e-03
7.9047e-03
-3.6003e-03
-2.7196e-02
-2.4805e-02
-2.8568e-02
-3.4260e-02
-1.4033e-02
-1.4925e-02
-4.9327e-02
-5.3952e-02
-1.2721e-02
-9.4568e-03
-4.7842e-02
-7.8852e-02
-1.7742e-02
-2.1129e-03
1.9826e-02
2.7312e-02
1.0806e-01
9.3110e-02
9.8519e-02
7.0840e-02
-1.3432e-02
-1.2856e-02
-1.2774e-02
-1.3282e-02
-1.4757e-02
-1.5494e-02
-2.0808e-02
-2.7468e-02
-1.1088e-01
-1.0560e-01
-3.0721e-02
-4.0334e-02
-1.6136e-01
-6.0268e-02
7.3654e-01
1.1829e+00
1.2011e-01
9.3813e-02
7.8689e-01
6.4361e-01
-1.0190e-02
-9.3406e-03
-7.8233e-03
-8.6186e-03
-9.1188e-03
-1.0052e-02
-1.5333e-02
-2.4514e-02
-1.4353e-01
-1.6360e-01
-3.8602e-02
-4.3670e-02
-2.3881e-01
-2.2777e-01
-5.6502e-01
4.9479e-02
2.0304e-02
5.0609e-03
-3.7307e-01
-2.4564e-01
-7.6550e-03
-7.8350e-03
-2.8663e-02
-4.5491e-02
-5.8958e-02
-6.0973e-02
-5.5829e-02
-8.1822e-02
-1.2807e-01
-1.4735e-01
-1.2142e-01
-8.7798e-02
-1.9454e-02
-2.6119e-02
-8.0955e-02
-3.8849e-02
-1.6088e-03
1.2608e-02
-1.3664e-02
-2.9288e-02
-8.0262e-03
-9.1478e-03
-4.5745e-02
-8.9989e-02
-1.3059e-01
-1.2147e-01
-9.8108e-02
-1.5715e-01
-1.9549e-01
-1.8699e-01
-1.5488e-01
-1.0403e-01
-7.8902e-03
-7.5354e-03
-4.3387e-02
-3.0026e-02
-9.8026e-03
1.8123e-02
4.8899e-02
4.1933e-02
-6.2785e-03
-7.4152e-03
-7.3810e-03
-9.1882e-03
-1.7566e-02
-1.8440e-02
-1.7587e-02
-2.2688e-02
-1.2808e-01
-9.9271e-02
-7.9158e-02
-6.2093e-02
-2.4865e-02
-2.0519e-02
-2.2098e-02
-1.5607e-02
-1.0148e-02
1.2532e-02
6.8150e-02
9.0789e-02
-3.4198e-03
-3.8831e-03
-4.1403e-03
-4.3417e-03
-4.5387e-03
-6.7627e-03
-1.0216e-02
-1.1802e-02
-5.2716e-02
-4.7545e-02
-4.0031e-02
-3.3680e-02
-2.2756e-02
-1.6639e-02
-1.1033e-02
-7.5539e-03
-2.8775e-03
7.4198e-03
2.6999e-02
3.9482e-02
-3.4198e-03
-3.8831e-03
-4.1403e-03
-4.3417e-03
-4.5387e-03
-6.7627e-03
-1.0216e-02
-1.1802e-02
-5.2716e-02
-4.7545e-02
-4.0031e-02
-3.3680e-02
-2.2756e-02
-1.6639e-02
-1.1033e-02
-7.5539e-03
-2.8775e-03
7.4198e-03
2.6999e-02
3.9482e-02
-2.7127e-03
-1.1772e-03
4.9614e-04
7.5456e-04
3.5770e-04
1.5076e-04
2.1984e-04
1.9294e-04
5.4083e-05
2.8248e-05
-6.2697e-04
-1.4122e-03
-1.4672e-03
-2.8680e-03
-3.7382e-03
-3.3816e-03
-2.2104e-03
-8.9442e-04
5.9605e-04
1.0346e-03
-5.1753e-03
-2.4836e-03
3.1994e-03
4.6419e-03
2.7498e-03
1.5960e-03
1.2388e-03
1.7486e-03
5.6209e-04
7.8491e-04
9.8627e-04
-2.6386e-03
-3.2054e-03
-6.0335e-03
-7.7623e-03
-7.4555e-03
-4.9501e-03
-1.6468e-03
2.8915e-03
4.3695e-03
-9.0519e-03
-7.0290e-03
2.0957e-04
1.6933e-03
1.6296e-03
9.8784e-04
-7.9632e-04
-4.8789e-04
-8.6876e-04
-1.1859e-03
-3.7037e-05
-1.1314e-03
-4.5039e-03
-7.8204e-03
-3.6106e-02
-3.7733e-02
-1.0107e-02
-7.5005e-03
-2.3885e-03
8.2838e-04
-1.3695e-02
-1.2723e-02
-3.8451e-03
-3.2478e-03
-1.9594e-03
-1.4526e-03
-1.8547e-03
-1.4017e-03
-2.2028e-03
-3.6818e-03
-2.8647e-03
-3.8920e-03
-5.1948e-03
-6.8384e-03
-2.4627e-02
-2.7511e-02
-1.1420e-02
-1.3369e-02
-1.5151e-02
-1.3784e-02
-1.7246e-02
-1.8209e-02
-7.6551e-03
-7.6026e-03
-5.6588e-03
-3.9646e-03
-2.2729e-03
-1.9988e-03
-2.2439e-03
-2.8528e-03
-4.2669e-03
-5.2368e-03
-5.0329e-03
-4.5364e-03
-1.6190e-02
-2.3431e-02
-1.2650e-02
-1.9076e-02
-2.8177e-02
-3.2709e-02
-1.3612e-02
-1.3898e-02
-6.4468e-03
-6.4771e-03
-5.7826e-03
-5.1822e-03
-4.8218e-03
-5.4475e-03
-6.8161e-03
-7.0964e-03
-6.2179e-03
-5.6917e-03
-1.9608e-03
9.3319e-04
-1.4162e-02
-3.8925e-02
-1.3609e-02
-1.6332e-02
-2.4365e-02
-2.8323e-02
-2.7654e-03
-2.7901e-03
-3.8923e-03
-4.6131e-03
-4.9068e-03
-5.3475e-03
-6.3934e-03
-7.4045e-03
-9.7170e-03
-1.0924e-02
-9.7947e-03
-9.1139e-03
-4.6944e-03
9.2642e-04
7.6146e-04
-3.9986e-03
-3.4817e-03
-2.3176e-03
-8.5577e-03
-1.3741e-02
-3.5982e-05
-6.1774e-04
-9.3401e-04
-1.1167e-03
-1.6654e-03
-2.7307e-03
-5.3908e-03
-6.4039e-03
-6.4739e-03
-8.1704e-03
-1.2326e-02
-1.3018e-02
-1.0147e-02
-7.4004e-03
-2.6028e-03
-4.5277e-03
-1.1062e-02
-1.1999e-02
-1.0396e-02
-1.1857e-02
2.3482e-03
1.8886e-03
8.6852e-04
5.2453e-04
-2.5501e-03
-6.5320e-03
-1.2900e-02
-1.7821e-02
-6.7929e-03
-7.8914e-03
-1.5828e-02
-2.0531e-02
-1.8451e-02
-1.6532e-02
-1.1076e-02
-1.0748e-02
-2.1254e-02
-2.6205e-02
-1.9901e-02
-1.4941e-02
6.9262e-03
6.5100e-03
9.0285e-04
4.2610e-05
-3.9308e-03
-1.0731e-02
-1.8001e-02
-2.7480e-02
-1.3311e-02
-1.5537e-02
-1.7591e-02
-2.0627e-02
-2.1867e-02
-2.1431e-02
-2.1309e-02
-3.0260e-02
-2.9809e-02
-2.5927e-02
-1.8577e-02
-1.7709e-02
1.5202e-03
2.3215e-03
-3.3809e-04
-2.1772e-03
-3.4868e-03
-5.3406e-03
-2.5961e-02
-3.9442e-02
-1.7744e-02
-2.4495e-02
-2.4464e-02
-2.0850e-02
-1.8829e-02
-2.1892e-02
-2.3743e-02
-2.4841e-02
-6.9054e-01
-1.7155e-01
8.7841e-02
3.0383e-02
-3.4783e-03
-3.4716e-03
-5.2788e-03
-7.4623e-03
-9.9364e-03
-9.4717e-03
-1.6556e-02
-2.7755e-02
-1.5411e-02
-2.2360e-02
-2.2956e-02
-2.1860e-02
-2.3696e-02
-3.0813e-02
-2.6900e-02
-1.2947e-02
3.7084e-01
4.4628e-01
4.6198e-01
4.3290e-01
-7.8930e-03
-8.3592e-03
-1.0676e-02
-1.4321e-02
-1.9568e-02
-2.0064e-02
-1.0392e-02
-6.7892e-03
-1.0843e-02
-1.4285e-02
-5.0063e-02
-4.8828e-02
-1.7238e-02
-1.8812e-02
-2.8091e-01
1.9803e-01
5.7492e-01
6.7756e-01
7.4141e-01
7.3678e-01
-1.2024e-02
-1.2390e-02
-1.4949e-02
-1.9757e-02
-2.2743e-02
-2.3195e-02
-2.0226e-02
-1.8937e-02
-1.3872e-02
-1.0691e-02
-4.8480e-02
-5.4811e-02
-1.0315e-02
-9.5875e-05
1.0436e+00
1.1080e+00
6.5009e-01
6.1696e-01
9.2946e-01
9.4088e-01
-1.5175e-02
-1.6398e-02
-1.6098e-02
-1.7027e-02
-1.5480e-02
-1.4462e-02
-1.9668e-02
-2.3218e-02
-1.6018e-02
-7.7297e-03
-7.1517e-03
-1.2654e-02
-5.2656e-02
-8.7706e-03
7.7348e-02
9.8890e-02
8.3122e-02
5.7345e-02
6.2321e-02
7.0308e-02
-1.1473e-02
-1.0900e-02
-6.9107e-03
-3.7031e-03
-8.2915e-04
-7.1068e-04
-7.6246e-03
-1.5765e-02
-2.0583e-02
-1.8291e-02
-1.1702e-02
-1.3561e-02
-7.9215e-02
-8.6906e-02
-6.5126e-02
-1.8626e-02
1.0536e-02
8.1861e-03
-1.2003e-02
-1.6098e-02
-9.0266e-03
-8.9627e-03
-4.8832e-03
-2.1878e-03
9.2296e-04
2.9872e-03
1.5415e-04
-5.7985e-03
-5.8710e-02
-6.5593e-02
-3.6978e-02
-1.8901e-02
-5.9186e-01
-1.2717e+00
-1.6548e-01
-1.0403e-01
-5.9754e-02
-4.7805e-02
-8.4831e-01
-1.1045e+00
-8.9052e-03
-1.1755e-02
-1.5175e-02
-1.8614e-02
-1.4336e-02
-1.1978e-02
-1.2593e-02
-1.6967e-02
-6.6592e-02
-5.2441e-02
-2.8235e-02
-7.4128e-03
1.4223e-02
-2.8941e-01
-5.4144e-02
-5.3277e-02
-4.4038e-02
-3.7709e-02
-4.8370e-01
-6.6912e-01
-5.3506e-03
-7.3922e-03
-1.2924e-02
-1.9157e-02
-3.7000e-01
-3.5156e-01
-1.5088e-02
-1.6852e-02
-6.7062e-01
-4.5110e-01
-2.9889e-01
-1.8779e-01
1.2123e-01
1.9162e-01
6.2983e-04
-1.1908e-02
-1.6233e-02
-6.6829e-03
1.6900e-02
2.9937e-02
-3.1650e-03
-4.1674e-03
-6.3955e-03
-7.1249e-03
-1.6373e-01
-1.8520e-01
-7.1145e-03
-6.3985e-03
-1.8359e-01
-1.3645e-01
-7.3586e-02
-2.4964e-02
3.8600e-02
3.6348e-02
-1.2234e-03
-4.7304e-03
-6.2949e-03
-2.2716e-03
8.2162e-03
1.6008e-02
-3.1650e-03
-4.1674e-03
-6.3955e-03
-7.1249e-03
-1.6373e-01
-1.8520e-01
-7.1145e-03
-6.3985e-03
-1.8359e-01
-1.3645e-01
-7.3586e-02
-2.4964e-02
3.8600e-02
3.6348e-02
-1.2234e-03
-4.7304e-03
-6.2949e-03
-2.2716e-03
8.2162e-03
1.6008e-02
-4.0780e-03
-3.0925e-03
-2.4522e-03
-2.3972e-03
-1.9004e-03
-7.2038e-04
6.0359e-04
9.4479e-04
2.2095e-04
-5.3924e-04
-3.4835e-03
-3.5489e-03
-1.0651e-03
-9.2266e-04
-3.7053e-04
-3.4680e-04
-1.4351e-03
-1.9471e-03
-1.9139e-03
-1.6626e-03
-8.7599e-03
-7.4969e-03
-6.7719e-03
-6.6146e-03
-6.0316e-03
-3.2323e-03
2.0770e-03
3.3592e-03
1.4296e-03
3.1378e-04
-8.5462e-03
-1.3305e-02
-3.7188e-03
-1.7687e-03
3.7045e-04
4.0886e-04
-2.5435e-03
-3.5656e-03
-2.9552e-03
-2.2671e-03
-9.8033e-03
-9.4947e-03
-2.5581e-03
-2.7996e-03
-3.2032e-03
-2.9629e-03
-4.4321e-03
-2.8901e-03
-3.0301e-03
-4.3704e-03
-4.5085e-03
-7.1791e-03
-8.6912e-03
-8.4077e-03
-2.3338e-02
-2.1096e-02
-7.5468e-03
-8.3976e-03
-7.2479e-03
-5.8714e-03
-1.0663e-02
-1.0511e-02
-3.2003e-03
-3.5919e-03
-4.2615e-03
-4.7979e-03
-1.2851e-02
-1.2956e-02
-1.4533e-02
-1.6273e-02
-6.6939e-03
-7.3999e-03
-9.0162e-03
-1.1393e-02
-4.8590e-02
-5.1292e-02
-1.3595e-02
-1.3517e-02
-1.3227e-02
-1.2566e-02
-1.4090e-02
-1.3981e-02
-5.6091e-03
-5.3328e-03
-5.1461e-03
-5.5355e-03
-6.9368e-03
-7.8465e-03
-8.9656e-03
-9.4561e-03
-9.1695e-03
-8.2096e-03
-7.9344e-03
-9.1206e-03
-4.8788e-02
-7.2977e-02
-2.5073e-02
-2.6099e-02
-2.6076e-02
-2.6361e-02
-1.8029e-02
-1.6006e-02
-5.5922e-03
-4.9677e-03
-4.6909e-03
-4.9907e-03
-6.1705e-03
-7.3385e-03
-8.6611e-03
-9.2801e-03
-8.7663e-03
-8.0021e-03
-6.6179e-03
-5.8487e-03
-4.5385e-02
-1.1537e-01
-3.8369e-02
-3.6871e-02
-3.4403e-02
-3.2068e-02
-4.6098e-03
-4.8980e-03
-4.4178e-03
-3.7008e-03
-2.9048e-03
-3.0785e-03
-4.3315e-03
-5.6333e-03
-8.0617e-03
-9.6329e-03
-1.0103e-02
-1.0095e-02
-8.0864e-03
-5.3943e-03
-4.7357e-03
-1.0473e-02
-1.5946e-02
-1.1598e-02
-1.2429e-02
-1.5192e-02
2.9787e-03
8.2808e-04
-1.8425e-03
-1.4144e-03
3.8317e-04
1.5207e-04
-1.4922e-03
-3.0634e-03
-6.6933e-03
-9.1692e-03
-1.1378e-02
-1.2347e-02
-1.1253e-02
-9.3453e-03
-6.0982e-03
-5.7090e-03
-2.6172e-03
-9.0391e-04
-4.5403e-03
-7.1487e-03
4.2199e-03
4.0811e-03
-7.5572e-04
-1.9947e-03
-4.3524e-03
-4.7499e-03
-5.1662e-03
-8.0924e-03
-6.6909e-03
-9.9418e-03
-1.5093e-02
-1.9445e-02
-2.0111e-02
-1.8025e-02
-9.1254e-03
2.6638e-04
5.4677e-03
5.3012e-03
5.3331e-03
3.6187e-03
-9.5427e-03
-7.6983e-03
-3.4812e-03
-4.7087e-03
-1.7108e-02
-1.7869e-02
-1.2606e-02
-1.7334e-02
-1.0035e-02
-1.2976e-02
-1.7540e-02
-2.4300e-02
-2.9320e-02
-2.6595e-02
-1.5903e-02
7.5639e-05
1.5496e-02
1.8812e-02
2.0825e-02
1.9275e-02
-6.7579e-03
-6.1940e-03
-6.9762e-03
-8.1316e-03
-1.0626e-02
-1.1390e-02
-2.5206e-02
-2.9808e-02
-1.3959e-02
-1.8586e-02
-1.9074e-02
-1.8472e-02
-1.8515e-02
-1.4032e-02
-7.8031e-03
-1.5556e-03
2.5708e-01
3.4371e-01
3.4297e-01
3.4008e-01
-7.4703e-03
-7.7120e-03
-9.0371e-03
-1.0988e-02
-1.3775e-02
-1.4926e-02
-4.8366e-02
-6.0454e-02
-1.7097e-02
-1.9762e-02
-1.8767e-02
-1.7343e-02
-1.3675e-02
-5.4060e-03
1.6118e-03
3.7906e-03
1.5699e-01
1.7049e-01
1.9696e-01
1.8465e-01
-9.3153e-03
-1.0095e-02
-1.3636e-02
-1.9349e-02
-2.4837e-02
-2.5908e-02
-2.2810e-02
-2.2775e-02
-2.3871e-02
-2.0826e-02
-5.5534e-02
-3.5789e-02
-8.7928e-03
-6.8282e-03
-3.1221e-04
4.5432e-02
5.6830e-02
6.8603e-02
9.6743e-02
1.1842e-01
-1.0532e-02
-1.1386e-02
-1.6164e-02
-2.6919e-02
-3.5732e-02
-3.5668e-02
-2.7057e-02
-2.7469e-02
-2.9056e-02
-2.6088e-02
-9.1969e-02
-5.9222e-02
-3.5440e-03
-5.2157e-03
-1.1707e-01
-7.9124e-02
-1.0253e-01
-9.2042e-02
-9.9193e-02
-2.5480e-02
-1.1243e-02
-1.2148e-02
-1.1920e-02
-1.3782e-02
-1.7553e-02
-1.7633e-02
-1.6133e-02
-1.6447e-02
-1.5096e-02
-9.6831e-03
-7.6485e-03
-5.8050e-03
6.4930e-03
1.6830e-04
-2.6656e-02
-3.1835e-02
-4.2129e-02
-3.9265e-02
-3.4722e-02
-3.1284e-02
-9.6723e-03
-9.7993e-03
-6.1395e-03
2.8145e-04
5.9596e-03
4.6985e-03
-4.0467e-03
-1.0305e-02
-8.3275e-03
-2.9906e-03
4.4736e-03
8.6909e-03
4.2763e-02
3.0564e-02
-1.3568e-02
-3.0063e-02
-2.6966e-02
-9.0296e-03
1.1110e-02
6.5256e-03
-8.7351e-03
-1.0184e-02
-5.9929e-03
4.5318e-03
2.0881e-02
2.2323e-02
1.0852e-02
3.9183e-03
1.1291e-02
2.1426e-02
4.2183e-02
4.7848e-02
2.5271e-01
1.2265e-01
-3.0817e-02
-4.2415e-02
-3.6656e-02
-2.4033e-02
-8.0474e-02
-8.6606e-02
-9.1393e-03
-1.4678e-02
-1.6084e-02
-6.0255e-03
1.0249e-02
1.2943e-02
5.1514e-03
5.2777e-03
5.3131e-02
7.0463e-02
8.2651e-02
6.6064e-02
1.4444e-01
1.4079e-02
-1.6345e-02
-2.3280e-02
-3.5079e-02
-4.6950e-02
-3.5487e-01
-2.5864e-01
-4.5247e-03
-6.7277e-03
-1.1696e-02
-9.9546e-03
-1.7778e-02
1.7164e-02
-9.3645e-05
-1.1258e-03
1.0918e-01
1.8203e-01
2.1975e-01
2.0333e-01
1.1111e-01
6.6727e-02
-5.9942e-03
-1.2379e-02
-2.2364e-02
-3.7760e-02
-6.0675e-02
-5.9899e-02
-2.8076e-03
-3.2233e-03
-4.2347e-03
-3.9917e-03
-1.9173e-02
-5.2458e-03
3.7877e-05
-3.0889e-04
2.6245e-02
3.8537e-02
4.8262e-02
5.2445e-02
4.9637e-02
4.5296e-02
2.1835e-03
-4.6167e-03
-1.0875e-02
-1.7420e-02
-2.8145e-02
-3.3795e-02
-2.8076e-03
-3.2233e-03
-4.2347e-03
-3.9917e-03
-1.9173e-02
-5.2458e-03
3.7877e-05
-3.0889e-04
2.6245e-02
3.8537e-02
4.8262e-02
5.2445e-02
4.9637e-02
4.5296e-02
2.1835e-03
-4.6167e-03
-1.0875e-02
-1.7420e-02
-2.8145e-02
-3.3795e-02
-6.7410e-04
-4.9879e-04
-7.5614e-04
-1.1167e-03
-1.3962e-03
-1.2461e-03
-1.9524e-03
-1.5643e-03
-6.1098e-04
-1.0721e-03
-1.4469e-03
-9.5666e-04
-5.5235e-04
-4.5165e-04
-1.0891e-04
-3.2896e-04
-1.9936e-03
-3.4909e-03
-4.6036e-03
-4.3828e-03
-1.7325e-03
-1.8058e-03
-2.3556e-03
-3.1842e-03
-3.6893e-03
-3.2443e-03
-3.1959e-03
-2.4656e-03
-6.1646e-04
-1.1450e-03
-3.9117e-03
-4.3147e-03
-1.7293e-03
-1.9957e-04
1.3126e-03
9.8420e-04
-2.7649e-03
-5.9420e-03
-8.3773e-03
-7.8388e-03
-6.8902e-03
-8.0122e-03
-5.0911e-03
-6.7162e-03
-7.8194e-03
-7.3923e-03
-4.5205e-03
-3.6641e-03
-3.2342e-03
-3.3307e-03
-7.2755e-03
-1.0589e-02
-9.6250e-03
-7.2369e-03
-4.4672e-03
-3.9943e-03
-6.4252e-03
-8.5682e-03
-9.5349e-03
-9.6329e-03
-7.3569e-03
-7.8191e-03
-4.1239e-03
-5.2967e-03
-6.8769e-03
-7.2324e-03
-7.7289e-03
-8.4023e-03
-9.0453e-03
-9.2806e-03
-8.7611e-03
-1.0408e-02
-1.1644e-02
-1.2380e-02
-1.3666e-02
-1.4676e-02
-1.3546e-02
-1.2867e-02
-1.1653e-02
-1.1363e-02
-1.0991e-02
-1.0679e-02
-4.1985e-03
-3.9124e-03
-4.6347e-03
-5.8813e-03
-9.0205e-03
-1.1061e-02
-1.2700e-02
-1.3736e-02
-1.1732e-02
-9.7889e-03
-9.3819e-03
-1.1157e-02
-5.0561e-02
-6.6745e-02
-1.8409e-02
-1.5570e-02
-1.3156e-02
-1.2963e-02
-1.5194e-02
-1.4732e-02
-5.0545e-03
-4.0310e-03
-3.5997e-03
-4.4333e-03
-6.5216e-03
-7.7750e-03
-8.9479e-03
-9.8608e-03
-9.8963e-03
-8.7759e-03
-7.9913e-03
-9.5062e-03
-5.0058e-02
-9.0415e-02
-2.1761e-02
-1.8386e-02
-1.6162e-02
-1.6064e-02
-1.7165e-02
-1.8049e-02
-6.1863e-03
-4.5396e-03
-2.9391e-03
-3.0041e-03
-4.2321e-03
-5.3265e-03
-6.9418e-03
-8.3141e-03
-9.8062e-03
-1.0505e-02
-9.9042e-03
-8.9408e-03
-8.0183e-03
-1.3020e-02
-4.1810e-01
-2.0276e-01
-7.5753e-03
-1.6951e-02
-8.8210e-03
-1.0054e-02
-5.5621e-03
-4.3254e-03
-1.9186e-03
-1.7343e-03
-3.0167e-03
-4.1790e-03
-6.9050e-03
-9.0467e-03
-1.1318e-02
-1.3223e-02
-1.3199e-02
-1.1091e-02
-7.3427e-03
-3.6661e-03
9.5490e-02
2.0227e-01
3.5793e-02
3.3122e-02
-1.0374e-03
-1.3877e-04
-3.0437e-03
-4.3587e-03
-3.8721e-03
-4.1342e-03
-5.2476e-03
-5.7340e-03
-8.2014e-03
-1.1272e-02
-1.3770e-02
-1.5534e-02
-1.5379e-02
-1.2846e-02
-5.9980e-03
2.4021e-03
4.2862e-01
4.9126e-01
4.1395e-01
2.9635e-01
-5.2031e-03
-5.0087e-03
-4.8248e-03
-6.2260e-03
-9.3740e-03
-1.1233e-02
-1.1384e-02
-1.1229e-02
-1.1007e-02
-1.3713e-02
-1.6369e-02
-1.9361e-02
-1.8923e-02
-1.5799e-02
-7.0245e-03
4.4772e-03
5.3975e-01
5.7244e-01
5.3666e-01
5.0972e-01
-9.9416e-03
-1.0810e-02
-9.8797e-03
-1.0226e-02
-1.3608e-02
-1.4876e-02
-1.2543e-02
-1.2312e-02
-1.3466e-02
-1.4048e-02
-1.1551e-02
-1.0242e-02
-2.9657e-02
-1.1383e-02
8.3237e-03
2.1898e-02
2.9363e-01
3.2867e-01
3.1117e-01
3.5646e-01
-9.5201e-03
-1.0129e-02
-1.0660e-02
-1.1814e-02
-1.3267e-02
-1.3132e-02
-1.3445e-02
-1.5652e-02
-1.5992e-02
-1.5628e-02
-9.8848e-03
-4.8266e-03
1.1059e-02
3.5632e-02
5.4171e-02
4.2077e-02
8.6701e-02
7.1671e-02
6.6655e-02
7.9344e-02
-9.9584e-03
-1.0981e-02
-1.3219e-02
-1.6614e-02
-1.8674e-02
-1.8161e-02
-2.0213e-02
-2.3853e-02
-2.1078e-02
-1.4316e-02
-2.3546e-02
-6.9750e-03
2.6799e-03
3.6895e-02
8.0670e-02
5.4095e-02
2.4778e-03
-7.8727e-03
-1.1566e-03
3.5126e-03
-1.0392e-02
-1.1957e-02
-1.5278e-02
-2.1577e-02
-2.3318e-02
-2.1931e-02
-2.0673e-02
-2.1301e-02
-1.8299e-02
-1.3214e-02
-3.0854e-02
-1.2508e-02
6.7758e-02
3.1401e-02
-6.7303e-02
-7.3446e-02
-7.9108e-02
-7.8554e-02
-2.0463e-02
-2.1108e-02
-8.6458e-03
-8.9176e-03
-8.8984e-03
-1.1181e-02
-1.6803e-01
-1.7804e-01
-1.0130e-02
-7.6655e-03
-1.9072e-02
-1.0916e-02
-1.0168e-01
-4.8441e-02
1.3971e-01
9.1794e-02
-1.6425e-01
-2.3384e-01
-2.5301e-01
-2.1882e-01
-1.8252e-01
-2.1502e-01
-7.3590e-03
-6.7786e-03
-4.7542e-03
-2.0836e-03
-2.4059e-02
-5.2630e-02
-4.4365e-03
-8.3205e-04
2.2103e-02
3.1090e-02
2.3929e-01
2.6358e-01
2.7381e-01
1.9232e-01
-2.8125e-02
-1.4941e-01
-1.9579e-01
-1.2637e-01
-3.2003e-02
-2.9906e-02
-6.0096e-03
-6.0411e-03
-2.8761e-03
5.8171e-03
1.5371e-02
1.4117e-02
1.0504e-02
7.0128e-03
1.6892e-01
2.3888e-01
3.2433e-01
3.1293e-01
2.6143e-01
2.1146e-01
8.1793e-02
-2.6396e-02
-1.0036e-01
-5.7164e-02
4.2144e-02
8.9684e-02
-5.7339e-03
-7.4624e-03
-5.4026e-03
1.9109e-03
1.4611e-02
1.5851e-02
1.1179e-02
1.0536e-02
2.6207e-01
2.9977e-01
3.0002e-01
2.2825e-01
9.3927e-02
5.3810e-02
2.1326e-02
-2.9556e-02
-1.0506e-01
-1.2763e-01
-1.4478e-01
-1.0955e-01
-2.8472e-03
-4.2982e-03
-6.2657e-02
-3.4007e-02
5.3572e-03
8.7881e-03
1.8040e-02
1.7789e-02
1.5859e-01
1.9763e-01
5.5064e-02
4.7074e-02
6.6551e-02
2.1973e-02
-2.7052e-02
-4.1645e-02
-8.9962e-02
-1.6207e-01
-3.1490e-01
-3.7924e-01
-1.7684e-03
-1.5571e-03
-1.8927e-02
-1.4059e-02
5.7711e-04
2.6143e-03
1.3103e-02
1.0377e-02
5.0670e-02
5.6351e-02
1.7377e-02
1.4065e-02
2.9797e-02
2.6093e-02
9.5743e-03
-2.9565e-02
-7.4769e-02
-1.2348e-01
-2.1764e-01
-2.9666e-01
-1.7684e-03
-1.5571e-03
-1.8927e-02
-1.4059e-02
5.7711e-04
2.6143e-03
1.3103e-02
1.0377e-02
5.0670e-02
5.6351e-02
1.7377e-02
1.4065e-02
2.9797e-02
2.6093e-02
9.5743e-03
-2.9565e-02
-7.4769e-02
-1.2348e-01
-2.1764e-01
-2.9666e-01
8.3210e-04
8.9060e-04
2.2731e-04
-6.0656e-04
-1.4816e-03
-1.9847e-03
-4.5059e-03
-3.8104e-03
-1.3953e-03
-1.4990e-03
-1.1536e-03
-1.8289e-04
-4.1803e-05
-7.2285e-04
-1.1076e-03
-1.3105e-03
-2.8310e-03
-4.8847e-03
-6.8364e-03
-6.5245e-03
2.1244e-03
2.0801e-03
1.3300e-03
-9.9087e-05
-2.4263e-03
-3.6693e-03
-1.0533e-02
-1.0894e-02
-3.4477e-03
-2.8088e-03
-2.2911e-03
-4.9529e-04
1.9946e-03
1.4290e-03
-8.9501e-04
-2.1293e-03
-4.7634e-03
-9.4445e-03
-1.4792e-02
-1.3897e-02
-6.8263e-04
-2.7822e-04
-9.3306e-04
-2.9799e-03
-5.7171e-03
-6.9078e-03
-7.6091e-03
-8.1568e-03
-7.7934e-03
-6.5586e-03
-6.5246e-03
-7.1196e-03
-5.0783e-03
-4.0763e-03
-5.0375e-03
-7.0598e-03
-9.0660e-03
-1.0200e-02
-1.2689e-02
-1.3264e-02
-4.3239e-03
-4.6850e-03
-3.0532e-03
-5.1457e-03
-8.0981e-03
-8.4584e-03
-8.3334e-03
-9.8773e-03
-1.1570e-02
-1.0599e-02
-9.1055e-03
-1.1302e-02
-1.3227e-02
-1.1860e-02
-1.0192e-02
-1.2825e-02
-1.6666e-02
-1.4945e-02
-1.1520e-02
-1.1240e-02
-8.1699e-03
-8.2233e-03
-3.8578e-03
-4.0014e-03
-5.5699e-03
-6.4391e-03
-7.3230e-03
-8.5727e-03
-1.1054e-02
-1.1943e-02
-1.0112e-02
-9.2750e-03
-1.1161e-02
-1.2236e-02
-3.4475e-02
-2.7579e-02
-6.3919e-03
-4.4949e-03
-3.4513e-03
-5.0996e-03
-1.1326e-02
-1.1687e-02
-4.4391e-03
-3.1023e-03
-1.8423e-03
-2.7186e-03
-5.0521e-03
-5.5752e-03
-5.3065e-03
-6.5336e-03
-8.2936e-03
-6.8805e-03
-5.6496e-03
-1.0428e-02
-5.1612e-02
-3.0335e-02
3.3630e-03
7.7165e-03
6.2925e-03
3.4344e-03
-1.8236e-02
-1.8015e-02
-7.0417e-03
-5.2165e-03
-2.5798e-03
-2.5182e-03
-4.1990e-03
-5.0563e-03
-4.8774e-03
-5.7924e-03
-8.6530e-03
-1.0119e-02
-8.4338e-03
-8.7099e-03
-1.1377e-02
-7.9423e-03
3.7288e-02
1.2746e-01
4.6726e-02
4.5134e-02
-2.8261e-02
-2.6311e-02
-1.0100e-02
-7.8332e-03
-4.8455e-03
-4.7503e-03
-5.7276e-03
-6.5612e-03
-7.4126e-03
-8.7036e-03
-1.1351e-02
-1.5167e-02
-1.6748e-02
-1.2931e-02
-7.4362e-03
-3.2845e-03
3.4028e-02
7.6951e-02
5.1826e-02
6.1783e-02
-8.3656e-03
-7.9022e-03
-8.2937e-03
-7.8664e-03
-7.7495e-03
-9.6938e-03
-1.1803e-02
-1.2006e-02
-1.1407e-02
-1.2760e-02
-1.3555e-02
-1.3365e-02
-1.3037e-02
-9.5585e-03
-3.9769e-03
-4.3865e-04
5.2253e-02
7.0142e-02
9.9662e-02
1.2094e-01
-3.8435e-03
-4.4410e-03
-4.4608e-03
-5.5265e-03
-9.8468e-03
-1.5711e-02
-2.1036e-02
-2.0164e-02
-1.5217e-02
-1.6937e-02
-1.8439e-02
-1.5113e-02
-8.9402e-03
-4.8355e-03
1.0533e-03
2.9954e-03
5.5775e-02
5.7891e-02
6.2589e-02
6.8919e-02
-6.1638e-03
-6.6239e-03
-6.6042e-03
-7.4618e-03
-1.0045e-02
-1.2365e-02
-1.6173e-02
-1.7788e-02
-1.6050e-02
-1.3749e-02
-1.0204e-02
-5.0088e-03
8.3519e-03
2.0422e-02
2.8967e-02
2.2268e-02
3.8365e-02
2.9429e-02
2.0365e-02
2.9188e-02
-8.2985e-03
-8.6907e-03
-9.1463e-03
-9.8591e-03
-9.5701e-03
-6.9451e-03
-5.0825e-03
-1.1062e-02
-1.9074e-02
-1.5823e-02
-4.5189e-03
3.2811e-03
4.8335e-02
5.8829e-02
5.6992e-02
3.8605e-02
2.2410e-02
-1.1172e-02
-5.0757e-02
-4.3636e-02
-9.7595e-03
-1.1022e-02
-1.2129e-02
-1.2186e-02
-9.7862e-03
-5.9992e-03
-2.6282e-03
-6.4035e-03
-1.1193e-02
-7.1666e-03
2.9171e-03
1.4431e-02
1.0580e-01
1.1512e-01
1.0192e-01
6.7236e-02
7.8179e-03
-1.6366e-02
-2.0125e-02
-2.5904e-02
-1.0325e-02
-1.3040e-02
-1.5529e-02
-1.3737e-02
-8.8996e-03
-4.8158e-03
-4.0790e-03
-5.6928e-03
-1.4581e-03
3.8880e-03
2.8560e-02
2.5907e-02
4.8020e-02
3.1277e-02
1.5208e-02
3.6357e-03
-1.1045e-02
-1.2061e-02
5.4155e-03
3.7982e-03
-7.8652e-03
-8.2008e-03
-9.6587e-03
-8.8725e-03
-3.2051e-02
-2.3875e-02
-2.5039e-03
1.1813e-04
2.2819e-02
2.9920e-02
1.0140e-01
7.2161e-02
3.2830e-02
1.1695e-02
-2.3331e-02
-3.9291e-02
-4.5150e-02
-3.6220e-02
-3.5285e-03
1.0887e-02
-6.2778e-03
-4.5619e-03
-2.4804e-03
-4.6249e-03
-6.0157e-02
-9.0292e-02
-1.1189e-02
5.1813e-04
4.5285e-02
4.2293e-02
6.9634e-02
4.3204e-02
2.6098e-02
9.9077e-03
-1.8588e-02
-3.4081e-02
-4.1396e-02
-3.0831e-02
-9.9151e-03
5.2079e-04
-4.4321e-03
-2.2096e-03
2.2186e-03
2.4191e-03
-3.1397e-03
-5.5490e-03
-6.5467e-03
4.7691e-04
8.8489e-02
8.9519e-02
5.0913e-02
3.0240e-02
2.0445e-02
1.2666e-02
-6.1483e-03
-1.8612e-02
-2.6631e-02
-2.0349e-02
-6.6937e-03
2.9415e-03
-3.5316e-03
-8.8324e-04
3.1938e-03
6.1632e-03
5.0011e-03
4.5897e-03
9.7095e-03
9.8350e-03
6.0320e-02
3.7793e-02
-4.8573e-03
-1.3699e-02
-5.2474e-03
-4.8935e-03
-1.2706e-02
-2.1165e-02
-2.9383e-02
-2.9844e-02
-2.8175e-02
-2.3514e-02
-1.9088e-03
-7.9982e-04
8.1063e-03
2.2330e-02
5.2171e-03
5.6248e-03
3.1366e-02
2.9460e-02
4.5030e-02
3.1151e-02
-4.0240e-03
-1.0600e-02
-2.2651e-02
-1.4715e-02
-1.3078e-02
-1.3328e-02
-1.9267e-02
-2.6665e-02
-4.4949e-02
-5.9520e-02
-9.8220e-04
-5.0371e-04
3.4396e-03
8.9191e-03
2.2947e-03
2.1946e-03
1.1149e-02
1.0527e-02
2.1716e-02
1.9138e-02
1.4039e-03
-4.6821e-03
-1.5405e-02
-5.2988e-03
-6.6740e-04
-4.1142e-03
-8.3665e-03
-1.4353e-02
-2.7022e-02
-3.8953e-02
-9.8220e-04
-5.0371e-04
3.4396e-03
8.9191e-03
2.2947e-03
2.1946e-03
1.1149e-02
1.0527e-02
2.1716e-02
1.9138e-02
1.4039e-03
-4.6821e-03
-1.5405e-02
-5.2988e-03
-6.6740e-04
-4.1142e-03
-8.3665e-03
-1.4353e-02
-2.7022e-02
-3.8953e-02
3.1461e-04
3.0623e-04
-2.0764e-04
-1.3151e-03
-1.1631e-03
-1.6417e-03
-2.0051e-03
-1.8749e-03
-1.7349e-03
-1.7967e-03
-1.7184e-03
-1.3762e-03
-3.9070e-03
-5.3007e-03
-1.4648e-03
-1.1316e-03
-1.6431e-03
-2.7566e-03
-3.7271e-03
-3.7685e-03
1.2517e-03
1.3926e-03
1.4326e-03
-1.0160e-03
-2.0019e-03
-2.9746e-03
-4.6292e-03
-4.9380e-03
-3.6774e-03
-3.2948e-03
-2.8305e-03
-1.7885e-03
-2.1281e-03
-3.9363e-03
-2.1583e-03
-2.2143e-03
-2.9896e-03
-5.3531e-03
-7.4348e-03
-8.5387e-03
1.3870e-04
8.1723e-04
5.0650e-04
-9.5048e-04
-3.3811e-03
-4.9480e-03
-7.8032e-03
-9.3425e-03
-8.2040e-03
-6.6012e-03
-5.4320e-03
-4.5173e-03
-1.9755e-03
-1.7560e-03
-2.9042e-03
-3.7024e-03
-3.8963e-03
-4.6780e-03
-2.3290e-02
-2.9568e-02
-1.9396e-03
-1.8113e-03
-1.9828e-03
-3.4466e-03
-4.9558e-03
-5.9635e-03
-7.6747e-03
-8.8464e-03
-8.6628e-03
-7.8867e-03
-7.1342e-03
-7.7559e-03
-6.5091e-03
-6.0932e-03
-5.1640e-03
-5.3758e-03
-4.3611e-03
-2.5275e-03
-2.4072e-03
-5.2326e-03
-3.4623e-03
-3.5959e-03
-3.5110e-03
-3.9036e-03
-1.1529e-02
-1.2506e-02
-5.4551e-03
-6.6046e-03
-1.7489e-02
-2.2442e-02
-8.7373e-03
-9.1716e-03
-2.9313e-02
-2.7629e-02
-1.6159e-02
-7.1549e-03
2.6257e-03
1.8384e-02
3.6398e-02
2.1150e-02
-4.4309e-03
-4.4218e-03
-3.7616e-03
-3.0520e-03
-5.7675e-03
-7.0333e-03
-3.9559e-03
-4.4790e-03
-1.3877e-02
-2.3333e-02
-1.0391e-02
-9.1490e-03
-2.2679e-02
-2.5381e-02
-2.2476e-02
-4.6532e-03
8.3404e-02
1.2871e-01
1.3216e-01
1.2915e-01
-6.5955e-03
-6.6666e-03
-5.9956e-03
-4.5894e-03
-2.5353e-03
-2.5240e-03
-4.0874e-03
-4.8356e-03
-5.2426e-03
-6.5049e-03
-9.1742e-03
-9.6934e-03
-7.0119e-03
-6.5546e-03
-1.0177e-01
-5.5858e-02
5.6222e-02
1.1283e-01
1.5386e-01
1.8502e-01
-9.0452e-03
-9.3380e-03
-7.6393e-03
-6.5314e-03
-5.2951e-03
-5.5985e-03
-6.3008e-03
-6.8887e-03
-7.6758e-03
-9.1943e-03
-1.0859e-02
-1.2468e-02
-1.1765e-02
-9.8189e-03
-8.1512e-02
-3.7683e-02
7.9051e-03
3.1445e-02
8.0235e-02
1.1470e-01
-2.2341e-02
-2.5522e-02
-2.2655e-02
-2.0914e-02
-8.2278e-03
-1.0018e-02
-1.1540e-02
-1.1578e-02
-1.0696e-02
-1.0680e-02
-9.7472e-03
-8.8851e-03
-2.8043e-02
-2.2572e-02
-4.7810e-02
-2.3806e-02
-8.6237e-03
-6.5623e-04
2.6324e-02
5.8871e-02
-1.5760e-02
-1.6377e-02
-1.6878e-02
-1.8634e-02
-9.7790e-03
-1.3641e-02
-1.5204e-02
-1.5091e-02
-1.3919e-02
-1.3424e-02
-1.0041e-02
-5.7955e-03
-1.7765e-03
1.3881e-03
1.1384e-02
4.4118e-03
-1.6465e-02
-1.4408e-02
-7.2741e-03
1.8122e-03
-6.7728e-03
-6.2371e-03
-6.9067e-03
-7.9562e-03
-9.9178e-03
-1.2129e-02
-7.4054e-02
-9.4771e-02
-1.0989e-02
-8.5034e-03
-1.7045e-02
-3.4318e-03
5.4659e-02
7.1311e-02
7.6061e-02
4.9253e-02
-8.7733e-03
-2.5437e-02
-2.9842e-02
-3.0073e-02
-8.4510e-03
-8.5245e-03
-9.1654e-03
-1.0350e-02
-1.0917e-02
-9.3092e-03
-4.9842e-02
-9.5175e-02
-9.3039e-03
-4.6427e-03
7.8895e-03
2.0024e-02
1.0912e-01
1.1230e-01
9.0487e-02
5.1817e-02
-8.3821e-03
-2.8303e-02
-4.7830e-02
-5.5133e-02
-8.9672e-03
-9.5388e-03
-9.5671e-03
-8.6926e-03
-6.5985e-03
-3.3359e-03
5.9251e-04
-1.4365e-03
-5.4589e-02
-2.9616e-02
2.9536e-02
4.9544e-02
7.4269e-02
8.2775e-02
7.2645e-02
5.1951e-02
3.4325e-03
-1.9805e-02
-5.3916e-02
-8.6257e-02
-9.1478e-03
-1.0269e-02
-9.8960e-03
-7.7772e-03
-3.1199e-03
-5.5366e-05
6.9850e-04
-8.6579e-05
2.9281e-02
5.8045e-02
6.8183e-02
5.1079e-02
1.8932e-02
1.1702e-02
8.4569e-03
2.2882e-03
-8.6119e-03
-1.1872e-02
-4.2765e-03
-7.7387e-03
-7.9406e-03
-8.4997e-03
-2.6487e-02
-2.0721e-02
-6.3713e-03
-1.0429e-04
1.7803e-03
2.9722e-03
8.4992e-02
9.5282e-02
7.6800e-02
5.0337e-02
6.8463e-03
-1.0700e-02
-1.7120e-02
-1.7224e-02
-1.6153e-02
-1.1088e-02
1.6345e-02
5.6405e-02
-7.5937e-03
-7.0063e-03
-1.7672e-02
-1.7106e-02
-2.0692e-02
-2.3432e-02
-1.9410e-03
2.9382e-03
8.5000e-02
6.9860e-02
2.5373e-02
6.5829e-03
-8.3365e-03
-1.5362e-02
-1.9354e-02
-1.9013e-02
-1.7585e-02
-1.4292e-02
-6.6716e-03
2.3045e-03
-6.7561e-03
-4.0184e-03
5.6023e-04
-2.6734e-04
-2.6275e-02
-3.7673e-02
-7.4153e-02
-1.9950e-02
5.1879e-02
5.3962e-02
1.2389e-02
-9.8087e-03
-1.9482e-02
-2.0643e-02
-2.1039e-02
-2.0104e-02
-1.8427e-02
-1.7001e-02
-1.4968e-02
-1.3969e-02
-7.1721e-03
-2.6964e-03
3.0074e-03
3.5894e-03
-2.6667e-03
-7.2914e-03
1.2823e-02
3.3751e-02
2.3759e-02
1.0041e-02
-1.6402e-02
-2.6920e-02
-2.1857e-02
-1.8329e-02
-1.6883e-02
-1.6380e-02
-1.5652e-02
-1.4969e-02
-1.3914e-02
-1.3014e-02
-2.7463e-03
-9.0969e-04
7.4516e-03
1.2683e-02
1.3045e-02
1.0677e-02
2.2925e-02
2.5791e-02
2.4377e-02
1.0444e-03
-3.9404e-02
-5.3187e-02
-2.8650e-02
-1.4782e-02
-9.4263e-03
-9.2089e-03
-8.9347e-03
-8.7803e-03
-8.3205e-03
-7.6688e-03
-1.0678e-03
-5.8393e-04
2.8928e-03
6.3148e-03
7.4543e-03
4.5304e-03
7.2786e-03
8.3089e-03
9.5222e-03
3.9785e-03
-1.6211e-02
-3.1618e-02
-2.3891e-02
-9.7359e-03
-2.9068e-03
-2.1844e-03
-1.2031e-03
-1.0000e-03
-7.6095e-04
-7.1039e-04
-1.0678e-03
-5.8393e-04
2.8928e-03
6.3148e-03
7.4543e-03
4.5304e-03
7.2786e-03
8.3089e-03
9.5222e-03
3.9785e-03
-1.6211e-02
-3.1618e-02
-2.3891e-02
-9.7359e-03
-2.9068e-03
-2.1844e-03
-1.2031e-03
-1.0000e-03
-7.6095e-04
-7.1039e-04
-6.4839e-04
-8.1868e-04
-1.9094e-03
-1.6109e-03
-7.8458e-04
-1.1241e-03
-1.6574e-03
-1.8702e-03
-1.9356e-03
-1.9965e-03
-2.3914e-03
-3.0660e-03
-9.0363e-03
-8.0105e-03
-1.5652e-03
-7.3317e-04
-5.6659e-04
-6.3331e-04
-1.6281e-04
-1.1925e-04
-8.4367e-04
-1.1523e-03
-4.3932e-03
-5.3442e-03
-2.0277e-03
-2.0035e-03
-2.8874e-03
-3.2563e-03
-3.2631e-03
-3.2811e-03
-3.7434e-03
-4.9820e-03
-1.8558e-02
-1.7309e-02
-3.3929e-03
-2.0096e-03
-9.5315e-04
-1.0270e-04
5.0443e-04
8.4065e-05
-1.7196e-03
-1.7479e-03
-2.4485e-03
-2.9883e-03
-3.0461e-03
-3.2360e-03
-4.9970e-03
-5.8054e-03
-5.2011e-03
-4.7281e-03
-4.6912e-03
-4.6546e-03
-5.3040e-03
-5.7081e-03
-3.8180e-03
-8.7760e-04
1.1376e-03
1.5772e-03
5.8013e-03
3.8227e-03
-2.5757e-03
-2.6158e-03
-2.7041e-03
-2.5469e-03
-1.7709e-03
-2.8717e-03
-6.2824e-03
-6.5224e-03
-4.3376e-03
-4.0404e-03
-4.5750e-03
-3.2941e-03
1.4003e-04
-7.8291e-04
-2.2355e-03
1.0122e-03
6.7231e-03
7.7220e-03
2.0798e-02
1.7092e-02
-3.4178e-03
-3.4272e-03
-3.2397e-03
-3.0790e-03
-4.9473e-03
-4.2772e-03
-3.9367e-03
-5.4069e-03
-9.4592e-03
-1.2155e-02
-7.6515e-03
-7.7803e-03
-1.1204e-02
-5.1129e-03
-3.3343e-03
1.6571e-03
2.3969e-02
3.5040e-02
3.6589e-02
3.7576e-02
-3.7814e-03
-3.6642e-03
-3.4261e-03
-3.4765e-03
-8.5727e-03
-7.8032e-03
-2.1726e-03
-3.1947e-03
-1.5140e-02
-2.8066e-02
-1.4645e-02
-1.4058e-02
-3.6436e-02
-2.3052e-02
-3.6251e-03
4.0149e-03
1.3912e-02
1.8306e-02
2.1485e-02
2.3451e-02
-4.0360e-03
-4.1108e-03
-3.7840e-03
-3.7391e-03
-4.4446e-03
-4.9329e-03
-4.4662e-03
-4.5387e-03
-7.8611e-03
-1.1280e-02
-1.4593e-02
-1.3102e-02
-1.1667e-02
-8.7982e-03
-1.8626e-02
-4.1096e-03
6.8520e-03
1.2135e-02
1.7581e-02
2.2244e-02
-2.9680e-03
-3.3921e-03
-3.0012e-03
-3.2284e-03
-4.7944e-03
-5.8621e-03
-6.0038e-03
-6.3799e-03
-8.2718e-03
-1.1208e-02
-1.2144e-02
-1.0160e-02
-7.9619e-03
-7.2381e-03
-3.3490e-02
-2.1215e-02
-7.5792e-03
-1.9859e-03
4.8575e-03
1.0849e-02
-1.1505e-02
-1.2346e-02
-1.1727e-02
-1.1941e-02
-6.1981e-03
-7.5817e-03
-7.9468e-03
-8.3092e-03
-8.5969e-03
-8.0792e-03
-7.1208e-03
-5.2365e-03
-9.3482e-03
-1.0868e-02
-3.0033e-02
-2.5902e-02
-2.0919e-02
-1.8286e-02
-1.3295e-02
-6.8875e-03
-1.9308e-02
-1.8446e-02
-1.9765e-02
-2.1489e-02
-8.8530e-03
-8.7240e-03
-7.5712e-03
-8.2825e-03
-1.0935e-02
-8.5474e-03
-1.5507e-03
1.4574e-03
9.1834e-03
2.7787e-03
-2.2550e-02
-2.7917e-02
-2.7671e-02
-2.6723e-02
-2.6967e-02
-2.3506e-02
-1.0361e-02
-1.0260e-02
-1.1384e-02
-1.2610e-02
-1.3248e-02
-1.2027e-02
-2.5676e-02
-2.1536e-02
-4.9784e-03
-3.4893e-03
5.3217e-03
1.2107e-02
3.0482e-02
1.9740e-02
-6.5134e-03
-1.8990e-02
-2.9147e-02
-3.1875e-02
-3.0574e-02
-3.1257e-02
-9.6534e-03
-9.9803e-03
-1.1120e-02
-1.3573e-02
-1.6048e-02
-1.5865e-02
-5.6089e-02
-4.6903e-02
-1.0130e-03
4.0869e-03
1.9178e-02
1.7963e-02
2.0477e-02
8.6025e-03
-4.9758e-03
-1.6029e-02
-2.7175e-02
-2.9148e-02
-2.8637e-02
-2.9840e-02
-8.3983e-03
-8.0496e-03
-7.0328e-03
-6.7349e-03
-8.1410e-03
-8.8372e-03
-1.0833e-02
-9.7634e-03
-1.9373e-02
9.7068e-03
2.0856e-02
1.8456e-02
7.2505e-03
1.8832e-04
-5.2785e-03
-8.9490e-03
-1.6846e-02
-2.0427e-02
-2.4143e-02
-2.7116e-02
-7.9942e-03
-6.6780e-03
-3.7755e-03
-2.2140e-03
-6.6835e-04
-1.0819e-03
-4.1230e-03
-4.5572e-03
-1.7642e-02
-8.3149e-03
-5.2731e-03
-9.4025e-03
-1.4886e-02
-1.6961e-02
-1.5765e-02
-1.4806e-02
-1.5601e-02
-1.6481e-02
-1.8466e-02
-1.9157e-02
-8.1695e-03
-8.0286e-03
-1.6493e-02
-9.1043e-03
1.7830e-03
7.8255e-03
2.7051e-03
1.6042e-03
3.6298e-03
-1.4359e-03
-9.2063e-03
-1.6535e-02
-2.5215e-02
-2.7662e-02
-2.4630e-02
-2.1307e-02
-1.8428e-02
-1.7378e-02
-1.5463e-02
-1.1772e-02
-8.9987e-03
-1.0752e-02
-3.6831e-02
-2.6262e-02
-6.4936e-03
3.9401e-03
6.4482e-03
7.0589e-03
1.6434e-02
2.0750e-03
-1.0761e-02
-1.8697e-02
-2.4822e-02
-2.5226e-02
-2.3312e-02
-2.1092e-02
-1.9639e-02
-1.8898e-02
-1.8420e-02
-1.8039e-02
-9.8571e-03
-8.1977e-03
-7.8740e-03
-6.6107e-03
-1.4107e-02
-8.8625e-03
9.5058e-03
2.6547e-02
2.0123e-02
9.2797e-03
-6.7718e-03
-1.5614e-02
-2.0564e-02
-2.0650e-02
-2.0035e-02
-1.9422e-02
-1.9082e-02
-1.8789e-02
-1.7986e-02
-1.8307e-02
-1.3810e-02
-7.9516e-03
9.7211e-04
1.2797e-03
-5.9597e-03
-6.0816e-03
-1.8421e-03
4.3265e-03
7.8518e-03
2.7712e-03
-8.2774e-03
-1.3610e-02
-1.6243e-02
-1.5937e-02
-1.5910e-02
-1.6239e-02
-1.7291e-02
-1.7100e-02
-1.6704e-02
-1.6209e-02
-6.1941e-03
-4.6525e-03
6.3046e-03
1.1127e-02
4.7462e-03
3.7853e-04
1.1512e-04
8.2594e-04
1.9660e-03
-1.3563e-03
-9.8915e-03
-1.2825e-02
-9.4313e-03
-7.6946e-03
-7.4369e-03
-7.9393e-03
-9.3063e-03
-9.6503e-03
-9.5542e-03
-9.5785e-03
-1.8763e-03
-1.7074e-03
-1.2760e-04
3.3525e-03
3.2615e-03
7.8836e-04
5.3415e-04
9.3514e-04
1.2814e-03
1.1071e-03
-2.3889e-03
-4.6532e-03
-2.9180e-03
-1.7950e-03
-2.2568e-03
-2.9331e-03
-3.6008e-03
-4.1282e-03
-4.0644e-03
-4.0777e-03
-1.8763e-03
-1.7074e-03
-1.2760e-04
3.3525e-03
3.2615e-03
7.8836e-04
5.3415e-04
9.3514e-04
1.2814e-03
1.1071e-03
-2.3889e-03
-4.6532e-03
-2.9180e-03
-1.7950e-03
-2.2568e-03
-2.9331e-03
-3.6008e-03
-4.1282e-03
-4.0644e-03
-4.0777e-03
-1.1570e-03
-1.1524e-03
-8.1057e-04
-1.6585e-04
-1.2929e-04
-7.9883e-04
-2.0270e-03
-2.6544e-03
-2.9272e-03
-2.8944e-03
-2.9566e-03
-3.5416e-03
-6.3262e-03
-5.5620e-03
-1.5915e-03
-9.8047e-04
-2.5226e-03
-1.7373e-03
7.8961e-05
6.4382e-04
-1.8963e-03
-2.1093e-03
-2.3337e-03
-1.7132e-03
-3.8655e-04
-9.6856e-04
-3.0542e-03
-4.0447e-03
-4.6300e-03
-4.5771e-03
-4.6025e-03
-5.7953e-03
-1.4460e-02
-1.4651e-02
-3.6331e-03
-2.0032e-03
-1.8972e-03
2.9125e-03
4.2821e-03
6.2706e-03
-3.2779e-03
-3.6629e-03
-4.3582e-03
-4.0503e-03
-1.6754e-03
-7.3250e-04
-1.8118e-03
-2.7167e-03
-3.7169e-03
-4.5255e-03
-5.4647e-03
-6.2716e-03
-2.1953e-02
-2.2543e-02
-4.7034e-03
-1.9412e-03
1.5585e-03
4.9841e-03
7.8944e-03
1.1353e-02
-3.8356e-03
-4.2735e-03
-4.3660e-03
-3.1482e-03
-3.0483e-04
2.5302e-04
-6.4291e-04
-1.1874e-03
-1.8974e-03
-3.2351e-03
-5.3537e-03
-4.7940e-03
-6.6936e-03
-5.9834e-03
-1.4670e-03
8.1500e-04
1.7427e-02
1.6541e-02
5.7217e-03
5.6094e-03
-3.6686e-03
-3.4908e-03
-3.0667e-03
-2.3169e-03
-1.5902e-04
4.2779e-04
-3.5448e-03
-6.7688e-03
-2.9643e-03
-3.8394e-03
-5.8932e-03
-5.5303e-03
-8.5104e-04
1.0972e-03
-7.2345e-04
2.1550e-04
1.2838e-02
1.9050e-02
1.3079e-02
1.3124e-02
-3.6179e-03
-3.0487e-03
-2.1888e-03
-2.1132e-03
-2.5741e-03
-2.0721e-03
-3.6407e-03
-8.9054e-03
-7.1834e-03
-9.4983e-03
-9.1918e-03
-9.0723e-03
-7.8248e-03
-5.7677e-03
-7.9614e-03
-4.6254e-03
-2.9222e-03
-1.3064e-03
1.4805e-03
3.5093e-03
-4.1545e-03
-3.3961e-03
-2.3728e-03
-2.5551e-03
-4.7147e-03
-5.6767e-03
-4.2318e-03
-4.3427e-03
-7.9091e-03
-1.1591e-02
-3.6137e-02
-3.1388e-02
-3.2556e-02
-2.9664e-02
-1.2312e-02
-4.9978e-03
-5.9525e-03
-6.4547e-03
-3.0879e-03
-1.2054e-03
-4.1092e-03
-3.2082e-03
-2.3122e-03
-2.5725e-03
-4.5201e-03
-5.6089e-03
-5.5394e-03
-5.8102e-03
-7.0322e-03
-8.2278e-03
-2.3547e-02
-1.9373e-02
-1.7261e-02
-1.6630e-02
-1.5070e-02
-1.2243e-02
-1.2157e-02
-1.0629e-02
-7.5683e-03
-6.0680e-03
-3.6754e-03
-3.5051e-03
-4.0844e-03
-4.6382e-03
-6.3020e-03
-7.3107e-03
-6.7691e-03
-6.2713e-03
-5.7028e-03
-5.2480e-03
-2.5350e-02
-2.0159e-02
-1.3143e-02
-1.6738e-02
-2.9221e-02
-3.2806e-02
-2.9314e-02
-2.6513e-02
-2.4356e-02
-2.3145e-02
-6.2274e-03
-7.2057e-03
-8.8297e-03
-9.8032e-03
-9.4420e-03
-8.9714e-03
-6.8821e-03
-6.0598e-03
-4.9291e-03
-3.0867e-03
-1.9654e-03
5.6029e-04
-7.3962e-03
-1.7939e-02
-3.5513e-02
-4.0458e-02
-4.0487e-02
-3.8116e-02
-3.6333e-02
-3.4697e-02
-9.4684e-03
-1.0975e-02
-1.2400e-02
-1.3706e-02
-1.2683e-02
-1.0301e-02
-6.0984e-03
-4.1022e-03
-1.2563e-02
-9.3384e-03
1.0182e-02
1.6360e-02
6.9655e-03
-5.9487e-03
-3.0172e-02
-4.1007e-02
-3.9073e-02
-3.5547e-02
-3.5184e-02
-3.5325e-02
-8.6992e-03
-9.5408e-03
-1.0522e-02
-1.1927e-02
-1.1991e-02
-1.1430e-02
-1.0107e-02
-7.8011e-03
-5.7593e-03
5.2848e-03
8.2897e-03
5.9663e-03
-6.6062e-03
-1.6625e-02
-2.8496e-02
-3.3602e-02
-3.2475e-02
-2.8436e-02
-2.4557e-02
-2.4243e-02
-8.6542e-03
-7.7935e-03
-6.3308e-03
-6.2490e-03
-2.0192e-02
-2.4439e-02
-4.9773e-02
-5.1745e-02
-2.1882e-02
-3.8287e-03
-1.4563e-03
-5.4022e-03
-1.3000e-02
-2.0048e-02
-2.1339e-02
-1.8649e-02
-1.5860e-02
-1.5062e-02
-1.5973e-02
-1.5642e-02
-9.3882e-03
-7.2862e-03
-3.5985e-03
-1.6994e-03
-1.6653e-03
-5.6653e-03
-2.9281e-02
-3.4133e-02
-2.9674e-02
-2.7395e-02
-2.8153e-02
-3.2027e-02
-2.9593e-02
-2.8650e-02
-2.0836e-02
-1.4274e-02
-1.0058e-02
-1.2000e-02
-1.9194e-02
-2.1463e-02
-7.8570e-03
-6.7774e-03
-3.1598e-03
-7.7078e-04
6.7903e-03
1.2440e-02
7.5172e-03
8.2377e-04
-1.3266e-02
-2.3945e-02
-3.5297e-02
-4.1236e-02
-3.8776e-02
-3.5004e-02
-2.4910e-02
-1.8734e-02
-1.4837e-02
-1.6941e-02
-2.3845e-02
-2.7485e-02
-7.6545e-03
-7.7606e-03
-7.5138e-03
-5.7469e-03
-4.9810e-03
5.0373e-03
2.2707e-02
2.3200e-02
-5.0895e-04
-1.2335e-02
-2.6033e-02
-3.2588e-02
-3.3452e-02
-3.0508e-02
-2.4838e-02
-2.1810e-02
-2.0839e-02
-2.2139e-02
-2.5108e-02
-2.7111e-02
-6.5662e-03
-6.7603e-03
-3.2536e-02
-3.0481e-02
-1.1096e-02
-1.3819e-03
2.0360e-02
3.1664e-02
1.6057e-02
3.0233e-03
-9.0494e-03
-1.5273e-02
-1.9468e-02
-1.9149e-02
-1.8771e-02
-1.9166e-02
-2.0604e-02
-2.0830e-02
-1.8787e-02
-1.8346e-02
-5.5025e-03
-5.3533e-03
-1.0466e-02
-5.5752e-03
-4.3157e-03
-2.0877e-03
3.0741e-03
5.9310e-03
6.7053e-03
3.5111e-03
-3.9621e-03
-8.8239e-03
-1.3009e-02
-1.3380e-02
-1.3880e-02
-1.4822e-02
-1.6538e-02
-1.6190e-02
-1.3546e-02
-1.2997e-02
-2.0917e-02
-2.0934e-02
2.0099e-03
8.4454e-03
4.1560e-03
-1.1715e-03
-2.3895e-03
-2.8551e-03
-9.2823e-04
5.6331e-04
-1.4543e-03
-3.1882e-03
-5.3411e-03
-6.0443e-03
-6.0587e-03
-6.1265e-03
-7.2902e-03
-7.0509e-03
-5.6378e-03
-5.6203e-03
-9.2258e-03
-9.8541e-03
-1.6141e-03
1.3243e-03
1.3720e-03
-7.1975e-04
-1.6212e-03
-1.6104e-03
-6.8592e-04
7.9928e-04
7.0269e-04
-2.6638e-04
-1.6078e-03
-2.6176e-03
-3.3304e-03
-3.3421e-03
-3.5509e-03
-3.5142e-03
-2.4745e-03
-2.0360e-03
-9.2258e-03
-9.8541e-03
-1.6141e-03
1.3243e-03
1.3720e-03
-7.1975e-04
-1.6212e-03
-1.6104e-03
-6.8592e-04
7.9928e-04
7.0269e-04
-2.6638e-04
-1.6078e-03
-2.6176e-03
-3.3304e-03
-3.3421e-03
-3.5509e-03
-3.5142e-03
-2.4745e-03
-2.0360e-03
-1.3117e-03
-1.1152e-03
-3.8297e-04
6.7996e-04
5.6695e-04
-7.7431e-04
-2.9946e-03
-4.0128e-03
-4.3333e-03
-4.0387e-03
-3.4022e-03
-3.3161e-03
-3.8637e-03
-3.2425e-03
-1.4323e-03
-1.4136e-03
-2.8028e-03
-2.6334e-03
-3.5769e-03
-3.2693e-03
-2.1881e-03
-2.1449e-03
-1.1632e-03
6.3157e-04
2.0696e-03
5.2203e-05
-4.9615e-03
-6.8073e-03
-7.7462e-03
-7.1259e-03
-5.4383e-03
-5.1768e-03
-8.0344e-03
-8.7660e-03
-3.2394e-03
-2.1041e-03
-4.8162e-03
-5.4227e-03
-6.2273e-03
-5.1158e-03
-3.9496e-03
-4.4058e-03
-4.0531e-03
-2.2540e-03
1.5211e-03
2.2990e-03
-5.0132e-04
-2.3257e-03
-4.9182e-03
-6.3216e-03
-6.9855e-03
-7.1761e-03
-1.8003e-02
-1.6096e-02
-4.0880e-03
-3.0164e-03
-9.4937e-03
-1.2398e-02
-1.4997e-02
-1.3295e-02
-4.6983e-03
-5.7876e-03
-6.3137e-03
-4.2502e-03
5.4774e-04
3.3607e-03
5.5532e-03
4.5852e-03
4.0331e-04
-3.3632e-03
-7.9737e-03
-8.7490e-03
-2.1646e-02
-1.6042e-02
-1.0567e-03
-4.1407e-04
-1.0762e-02
-1.7233e-02
-2.3586e-02
-2.4220e-02
-3.8903e-03
-3.7904e-03
-3.9331e-03
-3.0878e-03
-3.9634e-04
1.3534e-03
6.9863e-03
5.9861e-03
-7.2716e-06
-2.3482e-03
-5.3418e-03
-5.7324e-03
-4.9348e-03
-3.8128e-03
-5.3035e-03
-5.4756e-03
-1.1197e-02
-1.4793e-02
-1.5967e-02
-1.6583e-02
-3.6186e-03
-2.4270e-03
-4.4526e-04
-1.3173e-04
-7.5017e-04
-8.1666e-04
-5.1026e-03
-1.2612e-02
-7.2312e-03
-6.0938e-03
-3.5123e-03
-2.4914e-03
-1.5897e-03
-1.7910e-03
-1.0980e-02
-1.4880e-02
-1.4924e-02
-1.3971e-02
-9.7251e-03
-6.8968e-03
-5.7065e-03
-3.9468e-03
-1.0645e-03
-4.4407e-04
-2.1754e-03
-3.6139e-03
-4.8591e-03
-6.6340e-03
-9.3006e-03
-8.3392e-03
-1.4046e-02
-9.2267e-03
-8.3010e-03
-9.5625e-03
-1.0949e-02
-1.1283e-02
-1.1441e-02
-7.5623e-03
-8.9575e-04
2.6080e-03
-8.6475e-03
-6.6253e-03
-3.6519e-03
-3.0007e-03
-3.8445e-03
-4.8720e-03
-5.4053e-03
-5.9323e-03
-5.9148e-03
-4.9578e-03
-1.1550e-02
-1.0856e-02
-1.2278e-02
-1.3358e-02
-1.1145e-02
-9.3395e-03
-1.2017e-02
-9.6043e-03
-3.6786e-03
-1.2742e-03
-5.8127e-03
-6.4412e-03
-6.8819e-03
-7.3635e-03
-8.0484e-03
-8.4956e-03
-7.3585e-03
-5.6656e-03
-3.6839e-03
-2.9650e-03
-9.3036e-03
-1.2305e-02
-1.8871e-02
-2.4787e-02
-2.9426e-02
-3.0430e-02
-2.9060e-02
-2.7787e-02
-2.5420e-02
-2.3242e-02
-2.6878e-03
-5.4624e-03
-9.7898e-03
-1.1336e-02
-1.2058e-02
-1.1936e-02
-9.9546e-03
-6.5791e-03
-1.1800e-03
-3.0203e-04
-9.2195e-03
-1.7223e-02
-2.8831e-02
-3.8398e-02
-4.6469e-02
-5.0042e-02
-4.9830e-02
-4.6262e-02
-4.1266e-02
-3.7822e-02
-4.1110e-03
-6.0592e-03
-9.4044e-03
-1.0542e-02
-1.0258e-02
-9.1481e-03
-7.3081e-03
-5.5271e-03
-5.2955e-03
-2.4888e-03
-5.8723e-03
-1.2205e-02
-2.2569e-02
-3.3698e-02
-4.7616e-02
-5.3924e-02
-4.9387e-02
-4.3478e-02
-3.7580e-02
-3.5201e-02
-6.0096e-03
-7.0724e-03
-7.9384e-03
-7.3863e-03
-5.4123e-03
-4.6377e-03
-3.7834e-03
-3.5942e-03
-1.2162e-02
-1.3083e-02
-1.2683e-02
-1.5654e-02
-2.1605e-02
-2.9417e-02
-3.9055e-02
-4.1615e-02
-3.5919e-02
-2.8490e-02
-2.2035e-02
-2.1267e-02
-8.9943e-03
-7.9521e-03
-6.7609e-03
-5.6494e-03
-9.5471e-03
-8.7275e-03
-1.2583e-02
-1.8472e-02
-2.5315e-02
-2.9194e-02
-2.9669e-02
-2.9264e-02
-2.3342e-02
-2.4940e-02
-2.0366e-02
-1.4574e-02
-8.1117e-03
-6.9860e-03
-1.0893e-02
-1.2221e-02
-1.2249e-02
-9.8055e-03
-6.1657e-03
-4.2979e-03
-8.4652e-03
-9.0695e-03
-1.5614e-02
-2.3700e-02
-3.4507e-02
-4.2352e-02
-4.6263e-02
-4.6907e-02
-3.6060e-02
-3.1174e-02
-1.7519e-02
-6.9742e-03
-4.8161e-04
-5.1986e-03
-1.9672e-02
-2.4865e-02
-8.8619e-03
-7.5951e-03
-4.3039e-03
-2.6191e-03
-2.7054e-03
-1.9149e-03
-4.9128e-03
-9.8805e-03
-2.0565e-02
-3.2448e-02
-4.5516e-02
-5.0707e-02
-4.4398e-02
-3.7331e-02
-2.3286e-02
-1.4754e-02
-9.9223e-03
-1.4517e-02
-2.7881e-02
-3.5667e-02
-6.6558e-03
-4.7849e-03
-1.7115e-03
-9.8516e-04
-4.0894e-03
-3.5573e-03
6.7251e-05
-1.9218e-05
-6.2246e-03
-1.5666e-02
-3.1959e-02
-3.8818e-02
-3.7715e-02
-3.2523e-02
-2.4917e-02
-2.1861e-02
-2.1836e-02
-2.4369e-02
-2.9661e-02
-3.3524e-02
-3.0627e-03
-2.9720e-03
-4.6850e-03
-4.3826e-03
-5.1922e-03
-4.1964e-03
2.7510e-03
8.7344e-03
9.1799e-03
5.5034e-03
-6.5283e-03
-1.4464e-02
-1.8676e-02
-1.7863e-02
-1.8071e-02
-2.0046e-02
-2.3807e-02
-2.4339e-02
-2.0777e-02
-1.9567e-02
2.6909e-03
7.3326e-04
-4.1034e-03
-4.5238e-03
-3.8295e-03
-3.5141e-03
-2.4841e-03
1.4925e-03
7.1799e-03
7.5988e-03
4.1276e-04
-6.1477e-03
-1.0809e-02
-1.0657e-02
-1.1665e-02
-1.3626e-02
-1.6804e-02
-1.6193e-02
-1.0544e-02
-8.7176e-03
8.6096e-03
6.1732e-03
2.9850e-04
-7.5629e-04
-4.2836e-04
-8.0225e-04
-2.3774e-03
-2.7758e-03
5.2531e-04
3.0270e-03
1.7494e-03
-1.0502e-03
-4.4433e-03
-4.5700e-03
-3.9605e-03
-3.9975e-03
-4.6718e-03
-3.9068e-03
-8.2599e-04
1.0285e-03
2.6809e-03
1.7333e-03
4.7156e-04
-1.8726e-04
-3.1955e-04
-3.4077e-04
-7.9061e-04
-1.2134e-03
-1.1875e-04
1.7665e-03
1.8252e-03
2.0093e-04
-2.0302e-03
-2.6213e-03
-2.3392e-03
-1.9312e-03
-1.6073e-03
-1.0816e-03
4.4103e-04
1.6174e-03
2.6809e-03
1.7333e-03
4.7156e-04
-1.8726e-04
-3.1955e-04
-3.4077e-04
-7.9061e-04
-1.2134e-03
-1.1875e-04
1.7665e-03
1.8252e-03
2.0093e-04
-2.0302e-03
-2.6213e-03
-2.3392e-03
-1.9312e-03
-1.6073e-03
-1.0816e-03
4.4103e-04
1.6174e-03
-1.5970e-03
-1.2971e-03
-2.0210e-04
1.3815e-03
2.6628e-03
-1.8960e-03
-4.4078e-03
-5.9210e-03
-6.1028e-03
-5.5358e-03
-4.7562e-03
-5.0621e-03
-4.6464e-03
-2.7613e-03
-2.7752e-03
-3.9427e-03
-7.1255e-03
-7.8245e-03
-9.0240e-03
-8.2837e-03
-2.7250e-03
-2.5841e-03
-8.4766e-04
2.1812e-03
7.7766e-03
-3.6531e-05
-6.7506e-03
-9.3249e-03
-1.0086e-02
-9.5053e-03
-7.6265e-03
-8.5865e-03
-8.9644e-03
-6.2327e-03
-5.4441e-03
-5.9848e-03
-1.2546e-02
-1.5550e-02
-2.0032e-02
-1.8725e-02
-5.0929e-03
-6.0318e-03
-5.2700e-03
-1.7222e-03
4.2021e-03
4.3451e-03
-4.7283e-04
-6.7472e-03
-1.3054e-02
-1.6987e-02
-7.5189e-03
-6.8735e-03
-7.7560e-03
-7.6937e-03
-6.9237e-03
-8.0808e-03
-1.4618e-02
-2.2107e-02
-3.2412e-02
-3.4428e-02
-6.1671e-03
-8.6373e-03
-9.4175e-03
-6.2796e-03
1.4363e-03
5.6970e-03
1.6996e-02
1.3053e-02
2.2155e-03
-6.6527e-03
-6.3003e-03
-5.7884e-03
-6.8245e-03
-5.2775e-03
-3.0323e-03
-5.7993e-03
-1.9308e-02
-3.7711e-02
-6.3786e-02
-6.6214e-02
-4.1960e-03
-4.3780e-03
-9.4364e-03
-7.6315e-03
9.6356e-05
3.8891e-03
7.9629e-03
6.9490e-03
2.2689e-03
-9.0474e-04
-1.1037e-02
-1.2329e-02
-1.2941e-02
-1.1841e-02
-6.7048e-03
-1.1319e-02
-2.5498e-02
-3.3361e-02
-2.8121e-02
-3.4272e-02
-3.1498e-03
-9.9174e-04
3.3752e-03
4.3372e-03
1.2050e-03
1.2611e-03
1.7280e-05
-4.0222e-03
-6.2117e-03
-5.5992e-03
-7.8491e-03
-5.4989e-03
-5.2653e-03
-5.5394e-03
-1.1085e-02
-2.8420e-02
-4.8511e-02
-3.5301e-02
4.3660e-03
6.2217e-03
-6.7533e-03
-3.5214e-03
1.9370e-03
3.4277e-03
1.0495e-03
-1.3369e-03
-4.2959e-03
-7.7816e-03
-2.4046e-02
-1.8951e-02
-8.6368e-03
-4.3335e-03
-1.1195e-03
-1.6638e-03
-6.6738e-03
-1.2604e-02
-1.3087e-02
-6.8192e-03
1.8602e-02
3.0610e-02
-1.0814e-02
-8.2328e-03
-3.1111e-03
-1.4051e-03
-2.0236e-03
-3.3746e-03
-4.3510e-03
-5.0190e-03
-1.3974e-02
-1.2386e-02
-1.2157e-02
-1.2497e-02
-1.0237e-02
-1.1380e-02
-6.8349e-03
3.4434e-03
1.6125e-02
1.7756e-02
1.5222e-02
1.4691e-02
-1.2616e-02
-1.5906e-02
-7.8028e-03
-8.1137e-03
-8.4186e-03
-8.6587e-03
-7.1272e-03
-4.7659e-03
-4.6509e-03
-4.7487e-03
-1.0510e-02
-1.9110e-02
-3.1905e-02
-3.9882e-02
-3.8525e-02
-3.1049e-02
-1.7878e-02
-1.6872e-02
-2.5182e-02
-2.5466e-02
-1.3009e-03
-8.5186e-03
-8.7649e-03
-1.1136e-02
-1.2044e-02
-1.2084e-02
-9.4468e-03
-5.6720e-03
-1.9405e-03
-1.7912e-03
-1.2417e-02
-3.2832e-02
-6.5442e-02
-8.0432e-02
-8.7577e-02
-8.8597e-02
-8.5052e-02
-8.0106e-02
-7.7961e-02
-6.7265e-02
5.5836e-04
-1.5400e-03
-1.5397e-02
-2.0395e-02
-2.2539e-02
-2.3151e-02
-2.0569e-02
-1.6261e-02
-3.9838e-03
-1.5680e-03
-6.7361e-03
-1.5785e-02
-2.8311e-02
-4.5461e-02
-6.4975e-02
-7.3358e-02
-7.1728e-02
-6.1731e-02
-4.5161e-02
-4.2290e-02
-2.7574e-03
-3.8395e-03
-1.3698e-02
-1.5708e-02
-1.6752e-02
-1.6384e-02
-1.6229e-02
-1.5415e-02
-1.2039e-02
-1.2367e-02
-9.3415e-03
-3.1322e-03
3.2126e-03
-1.0404e-02
-4.1594e-02
-5.0375e-02
-4.2115e-02
-2.1348e-02
8.4156e-03
3.0328e-03
-8.0985e-03
-7.0900e-03
-1.5671e-02
-1.3571e-02
-6.0979e-03
-6.3362e-03
-1.0673e-02
-1.8438e-02
-3.4351e-02
-4.3834e-02
-4.2600e-02
-3.5943e-02
-1.8545e-02
-1.1229e-02
-8.5505e-03
-2.6544e-03
8.5161e-03
9.3747e-03
5.4027e-03
5.9661e-03
-1.1150e-02
-9.1774e-03
-1.6213e-02
-1.4601e-02
-1.0294e-02
-1.0996e-02
-1.7372e-02
-3.7642e-02
-7.1319e-02
-8.5830e-02
-8.9142e-02
-8.5096e-02
-6.6478e-02
-4.7906e-02
-1.1252e-02
1.6605e-02
4.0064e-02
1.5795e-02
-4.1493e-02
-4.6446e-02
-2.3966e-02
-2.1584e-02
-1.4603e-02
-1.1286e-02
-8.0337e-03
-9.0020e-03
-9.7777e-03
-1.4861e-02
-2.6847e-02
-4.4160e-02
-6.2294e-02
-6.7980e-02
-6.1086e-02
-4.9558e-02
-2.4406e-02
-8.6164e-03
3.3127e-03
-5.1226e-03
-3.6896e-02
-5.6059e-02
-2.4545e-02
-1.7727e-02
-9.3421e-03
-7.3521e-03
-6.6653e-03
-6.4813e-03
-1.4250e-03
9.0043e-03
1.5205e-02
2.5788e-03
-3.3596e-02
-4.4577e-02
-4.1827e-02
-3.3987e-02
-2.5872e-02
-2.9435e-02
-4.4040e-02
-4.1516e-02
-3.1868e-02
-3.8313e-02
-1.2348e-02
-9.8448e-03
-5.6762e-03
-3.1182e-03
-3.3930e-03
-4.0199e-03
1.4142e-03
1.2640e-02
2.7657e-02
2.8694e-02
4.1748e-03
-9.9409e-03
-1.5581e-02
-1.3618e-02
-1.4592e-02
-2.1743e-02
-3.6081e-02
-3.7079e-02
-2.2683e-02
-1.5870e-02
-2.0934e-03
-4.0894e-03
-1.0303e-02
-9.8281e-03
-6.2457e-03
-4.9660e-03
-1.7520e-03
4.7595e-03
1.5109e-02
1.5480e-02
4.9609e-03
-2.8829e-03
-9.6148e-03
-8.4676e-03
-7.5899e-03
-1.0571e-02
-1.7477e-02
-1.7448e-02
-8.0941e-03
-3.2381e-03
5.0109e-03
5.1041e-03
-2.3425e-03
-4.9242e-03
-4.8833e-03
-3.9663e-03
-3.9610e-03
-3.0132e-03
2.6414e-03
5.8117e-03
2.9488e-03
-7.6115e-04
-4.1754e-03
-3.1246e-03
-1.5805e-03
-1.4977e-03
-2.1435e-03
-1.4025e-03
2.3984e-03
5.9844e-03
1.7068e-03
1.2138e-03
-1.1959e-03
-2.4689e-03
-2.5202e-03
-1.8948e-03
-1.8077e-03
-1.9655e-03
1.6959e-04
3.1103e-03
2.7971e-03
1.9623e-05
-2.7239e-03
-2.5679e-03
-1.3029e-03
-6.9340e-04
-3.3964e-04
5.9120e-05
1.3859e-03
2.8276e-03
1.7068e-03
1.2138e-03
-1.1959e-03
-2.4689e-03
-2.5202e-03
-1.8948e-03
-1.8077e-03
-1.9655e-03
1.6959e-04
3.1103e-03
2.7971e-03
1.9623e-05
-2.7239e-03
-2.5679e-03
-1.3029e-03
-6.9340e-04
-3.3964e-04
5.9120e-05
1.3859e-03
2.8276e-03
-1.6801e-03
-1.3839e-03
-3.3875e-04
1.6617e-03
4.2009e-03
-1.2985e-03
-5.2056e-03
-6.9432e-03
-6.8632e-03
-6.0531e-03
-5.2442e-03
-6.1794e-03
-6.6423e-03
-3.8412e-03
-1.3723e-03
-2.8125e-03
-8.8444e-03
-9.1713e-03
-9.9678e-03
-9.1509e-03
-2.7819e-03
-2.6517e-03
-9.0588e-04
2.8017e-03
1.1079e-02
4.3634e-04
-9.8469e-03
-1.2964e-02
-1.3131e-02
-1.1622e-02
-8.5350e-03
-1.1747e-02
-1.6723e-02
-1.1320e-02
-5.5954e-03
-5.8964e-03
-1.8005e-02
-2.0852e-02
-2.5215e-02
-2.3195e-02
-5.2977e-03
-6.6511e-03
-6.3933e-03
-1.9819e-03
6.0692e-03
5.1040e-03
-6.3956e-03
-1.2728e-02
-1.5988e-02
-1.7713e-02
-7.3857e-03
-7.4003e-03
-1.4193e-02
-1.4004e-02
-6.4090e-03
-7.1927e-03
-1.5515e-02
-2.3974e-02
-3.6506e-02
-4.0086e-02
-6.4626e-03
-1.0668e-02
-1.4723e-02
-1.0400e-02
1.0591e-03
6.4766e-03
1.7157e-02
1.1543e-02
3.4500e-03
-3.8047e-03
-5.1781e-03
-2.9404e-03
4.3657e-03
4.7925e-03
-1.2438e-03
-6.1260e-03
-1.7561e-02
-4.7265e-02
-1.0353e-01
-1.0817e-01
-4.1064e-03
-5.2302e-03
-1.6633e-02
-1.4010e-02
-6.1818e-04
5.2435e-03
1.0961e-02
8.6471e-03
3.2388e-03
-1.4964e-04
-8.0766e-03
-6.4373e-03
5.4773e-03
8.0064e-03
-1.9985e-03
-1.2948e-02
-2.7470e-02
-4.2513e-02
-6.5348e-02
-8.1764e-02
-2.5144e-03
1.7422e-04
7.9531e-03
7.9236e-03
2.6639e-03
2.8540e-03
3.2093e-03
-1.5942e-03
-7.9393e-03
-7.5446e-03
-1.0986e-02
-9.7889e-03
-1.0962e-02
-8.3989e-03
-8.0064e-03
-3.6549e-02
-9.1112e-02
-6.7877e-02
2.0391e-02
2.1743e-02
-6.6484e-03
-2.1112e-03
6.2303e-03
7.6953e-03
4.4566e-03
7.3582e-04
-1.9293e-03
-5.5171e-03
-2.4259e-02
-2.1589e-02
-1.3563e-02
-1.0875e-02
-7.6250e-03
-8.6754e-03
-6.9886e-03
-1.5069e-02
-5.3402e-02
-4.5239e-02
4.8625e-02
8.6250e-02
-1.3938e-02
-9.5333e-03
-1.5444e-03
1.0665e-03
2.5858e-04
-1.5612e-03
-2.6661e-03
-3.9438e-03
-1.5230e-02
-1.5307e-02
-1.6665e-02
-1.6062e-02
-8.9204e-03
-9.0818e-03
-3.0067e-03
1.5229e-02
4.8892e-02
5.0305e-02
3.0867e-02
2.4931e-02
-1.3457e-02
-1.6037e-02
-7.2186e-03
-6.9615e-03
-7.0359e-03
-7.2940e-03
-5.7867e-03
-3.6615e-03
-4.5564e-03
-6.2482e-03
-1.2037e-02
-2.0551e-02
-3.0965e-02
-3.5679e-02
-3.2007e-02
-1.8548e-02
3.2450e-02
4.0924e-02
-1.4349e-03
-1.7906e-02
4.4104e-03
-3.9971e-03
-7.8864e-03
-1.0658e-02
-1.1787e-02
-1.1636e-02
-8.9710e-03
-5.1277e-03
-2.2787e-03
-3.5059e-03
-1.1418e-02
-4.2424e-02
-1.0435e-01
-1.2118e-01
-1.2500e-01
-1.2119e-01
-1.1899e-01
-1.1041e-01
-1.1245e-01
-9.7308e-02
4.2666e-03
1.3679e-03
-1.0514e-02
-1.7077e-02
-2.1257e-02
-2.2171e-02
-1.9065e-02
-1.3662e-02
-3.2600e-03
-3.1635e-03
-5.0680e-03
-1.7753e-02
-6.5202e-02
-9.4660e-02
-1.1465e-01
-1.2007e-01
-1.2864e-01
-1.1535e-01
-9.3090e-02
-8.5836e-02
-9.8264e-05
-1.3800e-03
-9.4297e-03
-1.5842e-02
-2.6665e-02
-2.7870e-02
-2.6727e-02
-2.2351e-02
-9.5987e-03
-8.4109e-03
-3.7292e-03
1.1439e-02
3.4163e-02
1.5147e-02
-4.9538e-02
-6.5307e-02
-6.1156e-02
-2.8792e-02
3.6114e-02
2.4055e-02
-6.3611e-03
-5.4267e-03
-1.1147e-02
-1.2890e-02
-1.1928e-02
-1.5699e-02
-1.9715e-02
-2.6674e-02
-3.5980e-02
-3.9688e-02
-3.4433e-02
-2.1220e-02
3.0386e-02
4.8096e-02
8.1165e-03
2.8558e-03
1.5302e-02
2.2150e-02
4.8431e-02
5.5676e-02
-1.0462e-02
-8.1658e-03
-1.2894e-02
-1.4427e-02
-1.1566e-02
-1.4026e-02
-1.9647e-02
-5.1260e-02
-1.1722e-01
-1.3188e-01
-1.2630e-01
-1.1572e-01
-9.5194e-02
-6.6082e-02
-1.1456e-02
3.1889e-02
8.9660e-02
4.6115e-02
-6.4983e-02
-6.9063e-02
-2.1807e-02
-1.8582e-02
-1.2897e-02
-1.1693e-02
-9.4404e-03
-1.0209e-02
-9.3291e-03
-2.0894e-02
-7.2619e-02
-1.0191e-01
-1.1324e-01
-1.1227e-01
-1.0997e-01
-9.3661e-02
-4.0537e-02
-3.9771e-03
4.9376e-02
3.5863e-02
-6.0183e-02
-1.0488e-01
-3.4859e-02
-2.4417e-02
-1.4806e-02
-1.3591e-02
-9.4784e-03
-8.7035e-03
-3.1981e-03
1.6027e-02
4.4543e-02
2.7070e-02
-4.2661e-02
-5.7194e-02
-5.1595e-02
-4.1561e-02
-2.7127e-02
-3.4055e-02
-6.8488e-02
-5.9703e-02
-3.3931e-02
-4.7497e-02
-1.8961e-02
-1.5999e-02
-1.7406e-02
-1.3769e-02
-9.0590e-03
-7.0704e-03
-1.7526e-04
1.8871e-02
7.5753e-02
8.8982e-02
2.2264e-02
-3.9596e-03
-9.3274e-03
-5.7173e-03
-7.8060e-03
-2.2615e-02
-6.9257e-02
-7.5587e-02
-3.2013e-02
-6.1496e-03
-1.4213e-02
-1.5810e-02
-2.4943e-02
-2.1581e-02
-1.0354e-02
-6.2631e-03
-1.5725e-03
6.1353e-03
2.1202e-02
2.3551e-02
8.2209e-03
4.9278e-04
-9.6018e-03
-7.7542e-03
-4.1915e-03
-8.1545e-03
-2.1219e-02
-2.4101e-02
-8.4314e-03
1.4733e-03
-5.9581e-03
-7.6959e-03
-1.4034e-02
-1.4810e-02
-1.0138e-02
-5.7395e-03
-2.4440e-03
-1.0433e-03
3.0133e-03
5.0462e-03
-4.0520e-03
-3.8282e-03
-6.1196e-03
-5.7339e-03
-2.1789e-03
-2.7818e-04
2.0007e-03
3.1454e-03
6.7722e-03
8.7975e-03
-2.0887e-03
-3.2633e-03
-5.8956e-03
-6.7787e-03
-4.8748e-03
-2.8784e-03
-1.3152e-03
-9.2616e-04
2.8052e-05
3.1705e-03
3.5309e-03
-7.9811e-04
-3.5740e-03
-2.9199e-03
-1.1170e-03
-2.2604e-04
6.4061e-04
1.2800e-03
2.3240e-03
3.4486e-03
-2.0887e-03
-3.2633e-03
-5.8956e-03
-6.7787e-03
-4.8748e-03
-2.8784e-03
-1.3152e-03
-9.2616e-04
2.8052e-05
3.1705e-03
3.5309e-03
-7.9811e-04
-3.5740e-03
-2.9199e-03
-1.1170e-03
-2.2604e-04
6.4061e-04
1.2800e-03
2.3240e-03
3.4486e-03
