#Water content: time=1.000000
1
Theta
1.5068e-01
1.5062e-01
1.5058e-01
1.5061e-01
1.5062e-01
1.5049e-01
1.5106e-01
1.5340e-01
1.5681e-01
1.5945e-01
1.6133e-01
1.6243e-01
1.6346e-01
1.6506e-01
1.0417e-01
1.0558e-01
1.7037e-01
1.7133e-01
1.0813e-01
1.0891e-01
1.5065e-01
1.5061e-01
1.5062e-01
1.5073e-01
1.5093e-01
1.5116e-01
1.5207e-01
1.5437e-01
1.5764e-01
1.6030e-01
1.6230e-01
1.6354e-01
1.6460e-01
1.6605e-01
1.0472e-01
1.0610e-01
1.7130e-01
1.7252e-01
1.0942e-01
1.1036e-01
1.5057e-01
1.5059e-01
1.5070e-01
1.5098e-01
1.5151e-01
1.5232e-01
1.5386e-01
1.5627e-01
1.5932e-01
1.6193e-01
1.6409e-01
1.6566e-01
1.6701e-01
1.6836e-01
1.7000e-01
1.7159e-01
1.7318e-01
1.7484e-01
1.1157e-01
1.1261e-01
1.5048e-01
1.5056e-01
1.5082e-01
1.5132e-01
1.5223e-01
1.5358e-01
1.5571e-01
1.5828e-01
1.6123e-01
1.6387e-01
1.6624e-01
1.6829e-01
1.7029e-01
1.7180e-01
1.7305e-01
1.7434e-01
1.7605e-01
1.7766e-01
1.1369e-01
1.1456e-01
1.5054e-01
1.5069e-01
1.5108e-01
1.5180e-01
1.5309e-01
1.5502e-01
1.5782e-01
1.6081e-01
1.0163e-01
1.0367e-01
1.6907e-01
1.7154e-01
1.0981e-01
1.1163e-01
1.7804e-01
1.7908e-01
1.8052e-01
1.8168e-01
1.1649e-01
1.1694e-01
1.5110e-01
1.5123e-01
1.5166e-01
1.5240e-01
1.5389e-01
1.5629e-01
1.5992e-01
1.6388e-01
1.0449e-01
1.0656e-01
1.7256e-01
1.7518e-01
1.1346e-01
1.1588e-01
1.8355e-01
1.8478e-01
1.8611e-01
1.8686e-01
1.2034e-01
1.2038e-01
1.5272e-01
1.5276e-01
1.5305e-01
1.5362e-01
1.5505e-01
1.5777e-01
1.0047e-01
1.0439e-01
1.0811e-01
1.1053e-01
1.1218e-01
1.1432e-01
1.8379e-01
1.8717e-01
1.2272e-01
1.2436e-01
1.9313e-01
1.9339e-01
1.2536e-01
1.2509e-01
1.5540e-01
1.5529e-01
1.5542e-01
1.5577e-01
1.5706e-01
1.5991e-01
1.0259e-01
1.0722e-01
1.1153e-01
1.1443e-01
1.1656e-01
1.1877e-01
1.8906e-01
1.9310e-01
1.2896e-01
1.3115e-01
2.0039e-01
2.0001e-01
1.3059e-01
1.3001e-01
9.8229e-02
9.7957e-02
1.5888e-01
1.5906e-01
1.6028e-01
1.6312e-01
1.0496e-01
1.0989e-01
1.1455e-01
1.1769e-01
1.8708e-01
1.9019e-01
1.2660e-01
1.3115e-01
1.3603e-01
1.3874e-01
1.3942e-01
1.3933e-01
3.7484e-01
3.7484e-01
1.0103e-01
1.0070e-01
1.6241e-01
1.6267e-01
1.6410e-01
1.6695e-01
1.0764e-01
1.1237e-01
1.1693e-01
1.2005e-01
1.9002e-01
1.9346e-01
1.3000e-01
1.3549e-01
1.4132e-01
1.4487e-01
1.4688e-01
1.4868e-01
3.7791e-01
3.7843e-01
1.0281e-01
1.0273e-01
1.6556e-01
1.6627e-01
1.6806e-01
1.7095e-01
1.7558e-01
1.8081e-01
1.8586e-01
1.8961e-01
1.9286e-01
1.9649e-01
2.0187e-01
2.0821e-01
1.4582e-01
1.5122e-01
3.7958e-01
3.8164e-01
4.5308e-01
4.5381e-01
1.0344e-01
1.0383e-01
1.6787e-01
1.6914e-01
1.7125e-01
1.7416e-01
1.7848e-01
1.8339e-01
1.8857e-01
1.9270e-01
1.9643e-01
2.0041e-01
2.0624e-01
2.1295e-01
1.5108e-01
1.5886e-01
3.8282e-01
3.8700e-01
4.5601e-01
4.5716e-01
1.6687e-01
1.6800e-01
1.6978e-01
1.7180e-01
1.7447e-01
1.7762e-01
1.8184e-01
1.8681e-01
1.9249e-01
1.9752e-01
1.3362e-01
1.3821e-01
3.7639e-01
3.7851e-01
3.8071e-01
3.8301e-01
4.5446e-01
4.5659e-01
4.5821e-01
4.5903e-01
1.6820e-01
1.6947e-01
1.7176e-01
1.7449e-01
1.7785e-01
1.8141e-01
1.8600e-01
1.9136e-01
1.9791e-01
2.0441e-01
1.4177e-01
1.4701e-01
3.7899e-01
3.8161e-01
3.8414e-01
3.8707e-01
4.5628e-01
4.5826e-01
4.5934e-01
4.5976e-01
1.0659e-01
1.0767e-01
1.0982e-01
1.1253e-01
1.8181e-01
1.8590e-01
1.9120e-01
1.9736e-01
1.3628e-01
1.4404e-01
1.5178e-01
1.5778e-01
3.8172e-01
3.8485e-01
4.5454e-01
4.5566e-01
4.5704e-01
4.5840e-01
4.5941e-01
4.5988e-01
1.0799e-01
1.0948e-01
1.1227e-01
1.1536e-01
1.8549e-01
1.9009e-01
1.9614e-01
2.0299e-01
1.4257e-01
1.5105e-01
1.5964e-01
1.6749e-01
3.8430e-01
3.8850e-01
4.5614e-01
4.5649e-01
4.5637e-01
4.5670e-01
4.5831e-01
4.5967e-01
1.7337e-01
1.7565e-01
1.1406e-01
1.1769e-01
1.2156e-01
1.2594e-01
1.3196e-01
1.3881e-01
3.7720e-01
3.7972e-01
4.5244e-01
4.5364e-01
4.5509e-01
4.5662e-01
4.5742e-01
4.5670e-01
2.8967e-01
2.8333e-01
4.5715e-01
4.5943e-01
1.7439e-01
1.7679e-01
1.1525e-01
1.1904e-01
1.2308e-01
1.2770e-01
1.3405e-01
1.4096e-01
3.7806e-01
3.8120e-01
4.5369e-01
4.5567e-01
4.5703e-01
4.5791e-01
4.5802e-01
4.5666e-01
2.8458e-01
2.7976e-01
4.5710e-01
4.5953e-01
1.1102e-01
1.1293e-01
1.1633e-01
1.1974e-01
1.2352e-01
1.2806e-01
1.3413e-01
1.4019e-01
3.7763e-01
3.8093e-01
4.5403e-01
4.5645e-01
4.5780e-01
4.5834e-01
4.5802e-01
4.5614e-01
2.7457e-01
2.7563e-01
4.5720e-01
4.5973e-01
1.1209e-01
1.1382e-01
1.1687e-01
1.1996e-01
1.2347e-01
1.2778e-01
1.3349e-01
1.3884e-01
3.7695e-01
3.8012e-01
4.5395e-01
4.5664e-01
4.5804e-01
4.5845e-01
4.5789e-01
4.5569e-01
2.6628e-01
2.7101e-01
4.5718e-01
4.5983e-01
1.5073e-01
1.5062e-01
1.5052e-01
1.5056e-01
1.5062e-01
1.5002e-01
1.4946e-01
1.5197e-01
1.5640e-01
1.5929e-01
1.6111e-01
1.6190e-01
1.6223e-01
1.6414e-01
1.0429e-01
1.0567e-01
1.6952e-01
1.7034e-01
1.0774e-01
1.0867e-01
1.5070e-01
1.5061e-01
1.5055e-01
1.5064e-01
1.5083e-01
1.5068e-01
1.5075e-01
1.5314e-01
1.5725e-01
1.6023e-01
1.6219e-01
1.6312e-01
1.6347e-01
1.6495e-01
1.0443e-01
1.0592e-01
1.7051e-01
1.7167e-01
1.0922e-01
1.1046e-01
1.5059e-01
1.5056e-01
1.5059e-01
1.5082e-01
1.5127e-01
1.5185e-01
1.5305e-01
1.5559e-01
1.5910e-01
1.6191e-01
1.6403e-01
1.6531e-01
1.6601e-01
1.6718e-01
1.6894e-01
1.7072e-01
1.7246e-01
1.7440e-01
1.1183e-01
1.1324e-01
1.5041e-01
1.5045e-01
1.5064e-01
1.5108e-01
1.5188e-01
1.5307e-01
1.5507e-01
1.5786e-01
1.6112e-01
1.6371e-01
1.6581e-01
1.6792e-01
1.7001e-01
1.7131e-01
1.7195e-01
1.7314e-01
1.7518e-01
1.7716e-01
1.1373e-01
1.1496e-01
1.5028e-01
1.5040e-01
1.5077e-01
1.5148e-01
1.5268e-01
1.5447e-01
1.5718e-01
1.6040e-01
1.0151e-01
1.0330e-01
1.6785e-01
1.7084e-01
1.1035e-01
1.1215e-01
1.7723e-01
1.7779e-01
1.7951e-01
1.8083e-01
1.1595e-01
1.1659e-01
1.5054e-01
1.5070e-01
1.5115e-01
1.5188e-01
1.5319e-01
1.5561e-01
1.5939e-01
1.6366e-01
1.0455e-01
1.0634e-01
1.7132e-01
1.7407e-01
1.1349e-01
1.1618e-01
1.8293e-01
1.8373e-01
1.8521e-01
1.8605e-01
1.1966e-01
1.1974e-01
1.5186e-01
1.5196e-01
1.5232e-01
1.5274e-01
1.5359e-01
1.5649e-01
9.9985e-02
1.0431e-01
1.0852e-01
1.1081e-01
1.1160e-01
1.1322e-01
1.8232e-01
1.8601e-01
1.2198e-01
1.2381e-01
1.9268e-01
1.9301e-01
1.2502e-01
1.2469e-01
1.5491e-01
1.5474e-01
1.5472e-01
1.5475e-01
1.5524e-01
1.5822e-01
1.0192e-01
1.0709e-01
1.1199e-01
1.1486e-01
1.1624e-01
1.1800e-01
1.8770e-01
1.9181e-01
1.2850e-01
1.3117e-01
2.0017e-01
1.9963e-01
1.2996e-01
1.2927e-01
9.8507e-02
9.8052e-02
1.5842e-01
1.5803e-01
1.5836e-01
1.6127e-01
1.0411e-01
1.0964e-01
1.1497e-01
1.1803e-01
1.8674e-01
1.8972e-01
1.2634e-01
1.3114e-01
1.3682e-01
1.3973e-01
1.3889e-01
1.3796e-01
3.7425e-01
3.7414e-01
1.0161e-01
1.0108e-01
1.6216e-01
1.6187e-01
1.6267e-01
1.6548e-01
1.0684e-01
1.1208e-01
1.1720e-01
1.2026e-01
1.8951e-01
1.9276e-01
1.2962e-01
1.3563e-01
1.4228e-01
1.4613e-01
1.4646e-01
1.4766e-01
3.7777e-01
3.7827e-01
1.0348e-01
1.0316e-01
1.6539e-01
1.6575e-01
1.6737e-01
1.7016e-01
1.7487e-01
1.8041e-01
1.8580e-01
1.8936e-01
1.9161e-01
1.9472e-01
1.9989e-01
2.0644e-01
1.4443e-01
1.5045e-01
3.7937e-01
3.8187e-01
4.5356e-01
4.5444e-01
1.0351e-01
1.0391e-01
1.6764e-01
1.6873e-01
1.7077e-01
1.7353e-01
1.7764e-01
1.8265e-01
1.8807e-01
1.9208e-01
1.9478e-01
1.9843e-01
2.0457e-01
2.1110e-01
1.4879e-01
1.5795e-01
3.8318e-01
3.8809e-01
4.5673e-01
4.5799e-01
1.6532e-01
1.6694e-01
1.6924e-01
1.7133e-01
1.7386e-01
1.7665e-01
1.8020e-01
1.8505e-01
1.9095e-01
1.9592e-01
1.3132e-01
1.3644e-01
3.7640e-01
3.7850e-01
3.8035e-01
3.8328e-01
4.5507e-01
4.5733e-01
4.5880e-01
4.5949e-01
1.6671e-01
1.6827e-01
1.7112e-01
1.7397e-01
1.7711e-01
1.8033e-01
1.8418e-01
1.8923e-01
1.9579e-01
2.0235e-01
1.3950e-01
1.4531e-01
3.7887e-01
3.8175e-01
3.8437e-01
3.8801e-01
4.5709e-01
4.5901e-01
4.5972e-01
4.5993e-01
1.0641e-01
1.0738e-01
1.0947e-01
1.1201e-01
1.8091e-01
1.8476e-01
1.8959e-01
1.9541e-01
1.3444e-01
1.4242e-01
1.5058e-01
1.5687e-01
3.8119e-01
3.8478e-01
4.5495e-01
4.5636e-01
4.5790e-01
4.5911e-01
4.5975e-01
4.5998e-01
1.0777e-01
1.0930e-01
1.1216e-01
1.1508e-01
1.8484e-01
1.8922e-01
1.9484e-01
2.0202e-01
1.4264e-01
1.5183e-01
1.6114e-01
1.6967e-01
3.8439e-01
3.8953e-01
4.5715e-01
4.5746e-01
4.5687e-01
4.5691e-01
4.5861e-01
4.5987e-01
1.7199e-01
1.7470e-01
1.1403e-01
1.1780e-01
1.2148e-01
1.2565e-01
1.3136e-01
1.3957e-01
3.7814e-01
3.8105e-01
4.5308e-01
4.5430e-01
4.5560e-01
4.5753e-01
4.5873e-01
4.5781e-01
2.9184e-01
2.7571e-01
4.5721e-01
4.5976e-01
1.7287e-01
1.7564e-01
1.1517e-01
1.1921e-01
1.2299e-01
1.2751e-01
1.3393e-01
1.4215e-01
3.7913e-01
3.8301e-01
4.5462e-01
4.5659e-01
4.5772e-01
4.5867e-01
4.5906e-01
4.5776e-01
2.8695e-01
2.7225e-01
4.5718e-01
4.5983e-01
1.1038e-01
1.1243e-01
1.1638e-01
1.1973e-01
1.2294e-01
1.2743e-01
1.3394e-01
1.4013e-01
3.7753e-01
3.8139e-01
4.5461e-01
4.5718e-01
4.5843e-01
4.5896e-01
4.5881e-01
4.5668e-01
2.6993e-01
2.7110e-01
4.5752e-01
4.5994e-01
1.1186e-01
1.1371e-01
1.1710e-01
1.2002e-01
1.2280e-01
1.2701e-01
1.3330e-01
1.3826e-01
3.7604e-01
3.7932e-01
4.5422e-01
4.5727e-01
4.5863e-01
4.5902e-01
4.5852e-01
4.5579e-01
2.5571e-01
2.6595e-01
4.5744e-01
4.5998e-01
1.5081e-01
1.5062e-01
1.5042e-01
1.5047e-01
1.5079e-01
1.5079e-01
9.1974e-02
9.3870e-02
1.5721e-01
1.5924e-01
1.6076e-01
1.6240e-01
1.0186e-01
1.0376e-01
1.0600e-01
1.0737e-01
1.0784e-01
1.0816e-01
1.0848e-01
1.0851e-01
1.5079e-01
1.5063e-01
1.5047e-01
1.5054e-01
1.5088e-01
1.5106e-01
9.2371e-02
9.4275e-02
1.5790e-01
1.6030e-01
1.6211e-01
1.6380e-01
1.0281e-01
1.0445e-01
1.0631e-01
1.0751e-01
1.0804e-01
1.0860e-01
1.0951e-01
1.0984e-01
1.5066e-01
1.5056e-01
1.5050e-01
1.5065e-01
1.5110e-01
1.5162e-01
1.5279e-01
1.5561e-01
1.5934e-01
1.6210e-01
1.6429e-01
1.6619e-01
1.0470e-01
1.0623e-01
1.0743e-01
1.0811e-01
1.7340e-01
1.7447e-01
1.7609e-01
1.7692e-01
1.5040e-01
1.5038e-01
1.5047e-01
1.5082e-01
1.5151e-01
1.5241e-01
1.5414e-01
1.5728e-01
1.6120e-01
1.6407e-01
1.6628e-01
1.6876e-01
1.0748e-01
1.0925e-01
1.0996e-01
1.1016e-01
1.7553e-01
1.7597e-01
1.7683e-01
1.7744e-01
1.5006e-01
1.5013e-01
1.5043e-01
1.5114e-01
1.5232e-01
1.5379e-01
1.5613e-01
1.5965e-01
1.0154e-01
1.0366e-01
1.0492e-01
1.0733e-01
1.7634e-01
1.7903e-01
1.1372e-01
1.1378e-01
1.7949e-01
1.7886e-01
1.7803e-01
1.7757e-01
1.4999e-01
1.5007e-01
1.5051e-01
1.5155e-01
1.5326e-01
1.5557e-01
1.5885e-01
1.6300e-01
1.0432e-01
1.0640e-01
1.0746e-01
1.0983e-01
1.7942e-01
1.8255e-01
1.1739e-01
1.1798e-01
1.8477e-01
1.8384e-01
1.8199e-01
1.8059e-01
1.5073e-01
1.5079e-01
1.5129e-01
1.5247e-01
9.4539e-02
9.6915e-02
1.0030e-01
1.0392e-01
1.7184e-01
1.7461e-01
1.1113e-01
1.1319e-01
1.1595e-01
1.1885e-01
1.2172e-01
1.2370e-01
1.9230e-01
1.9171e-01
1.8964e-01
1.8778e-01
1.5297e-01
1.5300e-01
1.5346e-01
1.5453e-01
9.6019e-02
9.8663e-02
1.0256e-01
1.0645e-01
1.7519e-01
1.7829e-01
1.1477e-01
1.1709e-01
1.1985e-01
1.2320e-01
1.2768e-01
1.3118e-01
2.0154e-01
2.0125e-01
1.9848e-01
1.9597e-01
1.5676e-01
1.5676e-01
1.5696e-01
1.5771e-01
9.8136e-02
1.0066e-01
1.0447e-01
1.0863e-01
1.7843e-01
1.8204e-01
1.8500e-01
1.8848e-01
1.9305e-01
1.9858e-01
2.0589e-01
2.1161e-01
3.7635e-01
3.7677e-01
4.4999e-01
4.4988e-01
1.6037e-01
1.6039e-01
1.6048e-01
1.6132e-01
1.0092e-01
1.0323e-01
1.0681e-01
1.1107e-01
1.8169e-01
1.8562e-01
1.8878e-01
1.9264e-01
1.9837e-01
2.0572e-01
2.1523e-01
2.2373e-01
3.7985e-01
3.8140e-01
4.5261e-01
4.5295e-01
1.6327e-01
1.6343e-01
1.6379e-01
1.6505e-01
1.6732e-01
1.7032e-01
1.7462e-01
1.7968e-01
1.8514e-01
1.8939e-01
3.7056e-01
3.7188e-01
3.7376e-01
3.7598e-01
3.7880e-01
3.8143e-01
4.5322e-01
4.5455e-01
4.5596e-01
4.5670e-01
1.6457e-01
1.6539e-01
1.6653e-01
1.6813e-01
1.7049e-01
1.7345e-01
1.7760e-01
1.8260e-01
1.8847e-01
1.9360e-01
3.7212e-01
3.7363e-01
3.7580e-01
3.7824e-01
3.8141e-01
3.8491e-01
4.5532e-01
4.5709e-01
4.5848e-01
4.5917e-01
1.0244e-01
1.0356e-01
1.6900e-01
1.7102e-01
1.7349e-01
1.7644e-01
1.1450e-01
1.1869e-01
1.2401e-01
1.2945e-01
3.7380e-01
3.7568e-01
3.7851e-01
3.8141e-01
4.5338e-01
4.5525e-01
4.5748e-01
4.5894e-01
4.5962e-01
4.5989e-01
1.0440e-01
1.0540e-01
1.7161e-01
1.7385e-01
1.7647e-01
1.7967e-01
1.1743e-01
1.2169e-01
1.2719e-01
1.3385e-01
3.7554e-01
3.7755e-01
3.8070e-01
3.8446e-01
4.5495e-01
4.5693e-01
4.5883e-01
4.5977e-01
4.5997e-01
4.6000e-01
1.0762e-01
1.0841e-01
1.0993e-01
1.1168e-01
1.7970e-01
1.8339e-01
1.8828e-01
1.9361e-01
2.0052e-01
2.0914e-01
2.2003e-01
2.2969e-01
4.5252e-01
4.5439e-01
4.5642e-01
4.5804e-01
4.5923e-01
4.5980e-01
4.5997e-01
4.6000e-01
1.0911e-01
1.1015e-01
1.1192e-01
1.1391e-01
1.8288e-01
1.8728e-01
1.9282e-01
1.9903e-01
2.0756e-01
2.1706e-01
2.2949e-01
2.4252e-01
4.5389e-01
4.5606e-01
4.5755e-01
4.5792e-01
4.5809e-01
4.5855e-01
4.5945e-01
4.5999e-01
1.0894e-01
1.1025e-01
1.7838e-01
1.8164e-01
1.8583e-01
1.9119e-01
1.9758e-01
2.0540e-01
2.1750e-01
2.3070e-01
3.8375e-01
3.8791e-01
4.5629e-01
4.5772e-01
3.2846e-01
3.1966e-01
4.5664e-01
4.5689e-01
4.5872e-01
4.5998e-01
1.0946e-01
1.1070e-01
1.7918e-01
1.8273e-01
1.8728e-01
1.9329e-01
2.0048e-01
2.0856e-01
2.2283e-01
2.4115e-01
3.8751e-01
3.9324e-01
4.5818e-01
4.5851e-01
3.2977e-01
3.1973e-01
4.5652e-01
4.5677e-01
4.5873e-01
4.5999e-01
1.1095e-01
1.1205e-01
1.8019e-01
1.8325e-01
3.6883e-01
3.7081e-01
2.0116e-01
2.0761e-01
4.5034e-01
4.5224e-01
4.5517e-01
4.5776e-01
4.5900e-01
4.5918e-01
4.5878e-01
4.5763e-01
4.5635e-01
4.5700e-01
3.9775e-01
4.0000e-01
1.1182e-01
1.1284e-01
1.8082e-01
1.8357e-01
3.6882e-01
3.7074e-01
2.0098e-01
2.0655e-01
4.5009e-01
4.5218e-01
4.5554e-01
4.5824e-01
4.5938e-01
4.5964e-01
4.5940e-01
4.5790e-01
4.5626e-01
4.5682e-01
3.9763e-01
4.0000e-01
1.5092e-01
1.5063e-01
1.5029e-01
1.5026e-01
1.5080e-01
1.5176e-01
9.3865e-02
9.5752e-02
1.5821e-01
1.5893e-01
1.5938e-01
1.6255e-01
1.0455e-01
1.0687e-01
1.0756e-01
1.0897e-01
1.1091e-01
1.1093e-01
1.0918e-01
1.0799e-01
1.5092e-01
1.5067e-01
1.5037e-01
1.5036e-01
1.5087e-01
1.5163e-01
9.3488e-02
9.5530e-02
1.5864e-01
1.6009e-01
1.6122e-01
1.6422e-01
1.0554e-01
1.0797e-01
1.0850e-01
1.0917e-01
1.1033e-01
1.1063e-01
1.0974e-01
1.0889e-01
1.5080e-01
1.5062e-01
1.5042e-01
1.5048e-01
1.5099e-01
1.5144e-01
1.5220e-01
1.5526e-01
1.5944e-01
1.6210e-01
1.6426e-01
1.6725e-01
1.0746e-01
1.0987e-01
1.1028e-01
1.0984e-01
1.7409e-01
1.7424e-01
1.7472e-01
1.7469e-01
1.5046e-01
1.5038e-01
1.5034e-01
1.5057e-01
1.5122e-01
1.5171e-01
1.5248e-01
1.5600e-01
1.6128e-01
1.6466e-01
1.6703e-01
1.6996e-01
1.0935e-01
1.1204e-01
1.1297e-01
1.1223e-01
1.7550e-01
1.7412e-01
1.7373e-01
1.7366e-01
1.4994e-01
1.4999e-01
1.5017e-01
1.5076e-01
1.5189e-01
1.5283e-01
1.5411e-01
1.5828e-01
1.0198e-01
1.0476e-01
1.0621e-01
1.0827e-01
1.7647e-01
1.7968e-01
1.1605e-01
1.1597e-01
1.7966e-01
1.7654e-01
1.7297e-01
1.7122e-01
1.4960e-01
1.4960e-01
1.4981e-01
1.5115e-01
1.5355e-01
1.5559e-01
1.5778e-01
1.6182e-01
1.0415e-01
1.0694e-01
1.0868e-01
1.1090e-01
1.7908e-01
1.8203e-01
1.1858e-01
1.1933e-01
1.8437e-01
1.8105e-01
1.7564e-01
1.7221e-01
1.4997e-01
1.4976e-01
1.4976e-01
1.5206e-01
9.6113e-02
9.8822e-02
1.0111e-01
1.0346e-01
1.6987e-01
1.7275e-01
1.1078e-01
1.1360e-01
1.1625e-01
1.1886e-01
1.2162e-01
1.2323e-01
1.9080e-01
1.8879e-01
1.8346e-01
1.7959e-01
1.5091e-01
1.5106e-01
1.5171e-01
1.5431e-01
9.8186e-02
1.0148e-01
1.0391e-01
1.0590e-01
1.7211e-01
1.7479e-01
1.1307e-01
1.1623e-01
1.1912e-01
1.2216e-01
1.2574e-01
1.2960e-01
2.0192e-01
2.0254e-01
1.9754e-01
1.9272e-01
1.5233e-01
1.5317e-01
1.5520e-01
1.5779e-01
9.9945e-02
1.0290e-01
1.0525e-01
1.0739e-01
1.7483e-01
1.7842e-01
1.8281e-01
1.8657e-01
1.9003e-01
1.9467e-01
2.0167e-01
2.1106e-01
3.7840e-01
3.8034e-01
4.5167e-01
4.5162e-01
1.5477e-01
1.5579e-01
1.5838e-01
1.6113e-01
1.0199e-01
1.0454e-01
1.0689e-01
1.0953e-01
1.7859e-01
1.8310e-01
1.8806e-01
1.9245e-01
1.9733e-01
2.0450e-01
2.1570e-01
2.3121e-01
3.8461e-01
3.8835e-01
4.5572e-01
4.5627e-01
1.5793e-01
1.5902e-01
1.6165e-01
1.6438e-01
1.6750e-01
1.7064e-01
1.7418e-01
1.7836e-01
1.8375e-01
1.8942e-01
3.7143e-01
3.7332e-01
3.7550e-01
3.7837e-01
3.8234e-01
3.8673e-01
4.5636e-01
4.5782e-01
4.5851e-01
4.5888e-01
1.6148e-01
1.6261e-01
1.6513e-01
1.6755e-01
1.7020e-01
1.7339e-01
1.7765e-01
1.8252e-01
1.8880e-01
1.9603e-01
3.7396e-01
3.7616e-01
3.7869e-01
3.8242e-01
3.8760e-01
3.9288e-01
4.5864e-01
4.5955e-01
4.5979e-01
4.5987e-01
1.0306e-01
1.0384e-01
1.6906e-01
1.7088e-01
1.7316e-01
1.7653e-01
1.1540e-01
1.1978e-01
1.2510e-01
1.3265e-01
3.7597e-01
3.7833e-01
3.8086e-01
3.8510e-01
4.5607e-01
4.5840e-01
4.5962e-01
4.5994e-01
4.6000e-01
4.6000e-01
1.0623e-01
1.0695e-01
1.7267e-01
1.7398e-01
1.7586e-01
1.7918e-01
1.1786e-01
1.2228e-01
1.2724e-01
1.3499e-01
3.7676e-01
3.7951e-01
3.8307e-01
3.8816e-01
4.5742e-01
4.5937e-01
4.5993e-01
4.6000e-01
4.6000e-01
4.6000e-01
1.0904e-01
1.0982e-01
1.1092e-01
1.1173e-01
1.7845e-01
1.8186e-01
1.8729e-01
1.9221e-01
1.9732e-01
2.0535e-01
2.1784e-01
2.3235e-01
4.5379e-01
4.5637e-01
4.5831e-01
4.5953e-01
4.5993e-01
4.6000e-01
4.6000e-01
4.6000e-01
1.1046e-01
1.1105e-01
1.1178e-01
1.1277e-01
1.8054e-01
1.8495e-01
1.9110e-01
1.9598e-01
2.0093e-01
2.0888e-01
2.2348e-01
2.4498e-01
4.5536e-01
4.5727e-01
4.5724e-01
4.5761e-01
4.5897e-01
4.5993e-01
4.6000e-01
4.6000e-01
1.1089e-01
1.1099e-01
1.7624e-01
1.7787e-01
1.8192e-01
1.8808e-01
1.9539e-01
2.0105e-01
2.0690e-01
2.1605e-01
3.8140e-01
3.8807e-01
4.5755e-01
4.5752e-01
2.9459e-01
2.8950e-01
4.5764e-01
4.5982e-01
4.6000e-01
4.6000e-01
1.1129e-01
1.1123e-01
1.7623e-01
1.7797e-01
1.8282e-01
1.8992e-01
1.9812e-01
2.0485e-01
2.1266e-01
2.2511e-01
3.8510e-01
3.9299e-01
4.5885e-01
4.5801e-01
2.9807e-01
2.9191e-01
4.5773e-01
4.5983e-01
4.6000e-01
4.6000e-01
1.1167e-01
1.1168e-01
1.7695e-01
1.7873e-01
3.6761e-01
3.6992e-01
1.9917e-01
2.0653e-01
4.5052e-01
4.5271e-01
4.5563e-01
4.5820e-01
4.5948e-01
4.5913e-01
4.5805e-01
4.5788e-01
4.5913e-01
4.5994e-01
4.0000e-01
4.0000e-01
1.1176e-01
1.1188e-01
1.7738e-01
1.7912e-01
3.6772e-01
3.7000e-01
1.9925e-01
2.0694e-01
4.5124e-01
4.5444e-01
4.5732e-01
4.5915e-01
4.5984e-01
4.5993e-01
4.5989e-01
4.5986e-01
4.5993e-01
4.6000e-01
4.0000e-01
4.0000e-01
1.5106e-01
1.5064e-01
1.5009e-01
1.4991e-01
1.5049e-01
1.5173e-01
9.4073e-02
9.5916e-02
1.5836e-01
1.5954e-01
9.9030e-02
1.0083e-01
1.6660e-01
1.6902e-01
1.0644e-01
1.0789e-01
1.7407e-01
1.7384e-01
1.0757e-01
1.0664e-01
1.5112e-01
1.5075e-01
1.5025e-01
1.5007e-01
1.5063e-01
1.5182e-01
9.4040e-02
9.5992e-02
1.5881e-01
1.6034e-01
9.9962e-02
1.0185e-01
1.6809e-01
1.7062e-01
1.0750e-01
1.0848e-01
1.7429e-01
1.7434e-01
1.0861e-01
1.0801e-01
1.5103e-01
1.5076e-01
1.5037e-01
1.5025e-01
1.5084e-01
1.5193e-01
9.3893e-02
9.6033e-02
1.5972e-01
1.6196e-01
1.6415e-01
1.6691e-01
1.7051e-01
1.7300e-01
1.0935e-01
1.0973e-01
1.0956e-01
1.0959e-01
3.6481e-01
3.6484e-01
1.5060e-01
1.5046e-01
1.5026e-01
1.5030e-01
1.5101e-01
1.5216e-01
9.4110e-02
9.6645e-02
1.6153e-01
1.6433e-01
1.6670e-01
1.6940e-01
1.7277e-01
1.7546e-01
1.1176e-01
1.1181e-01
1.1068e-01
1.1008e-01
3.6492e-01
3.6501e-01
1.4983e-01
1.4991e-01
1.5003e-01
1.5037e-01
1.5133e-01
1.5268e-01
9.4782e-02
9.7905e-02
1.6426e-01
1.6761e-01
1.0600e-01
1.0795e-01
3.6492e-01
3.6583e-01
1.8063e-01
1.8071e-01
1.7871e-01
1.7708e-01
4.4518e-01
4.4510e-01
1.4919e-01
1.4943e-01
1.4985e-01
1.5079e-01
1.5246e-01
1.5434e-01
9.6376e-02
9.9498e-02
1.6635e-01
1.7004e-01
1.0833e-01
1.1071e-01
3.6597e-01
3.6685e-01
1.8422e-01
1.8480e-01
1.8323e-01
1.8182e-01
4.4579e-01
4.4569e-01
1.4947e-01
1.4971e-01
9.1433e-02
9.2816e-02
1.5527e-01
1.5796e-01
1.6090e-01
1.6435e-01
1.6798e-01
1.7123e-01
1.1015e-01
1.1339e-01
1.1611e-01
1.1877e-01
3.6924e-01
3.6981e-01
3.7005e-01
3.7024e-01
4.4738e-01
4.4744e-01
1.5126e-01
1.5151e-01
9.3023e-02
9.4764e-02
1.5860e-01
1.6173e-01
1.6444e-01
1.6723e-01
1.6991e-01
1.7296e-01
1.1202e-01
1.1551e-01
1.1852e-01
1.2179e-01
3.7080e-01
3.7231e-01
3.7405e-01
3.7549e-01
4.4991e-01
4.5010e-01
9.4486e-02
9.4572e-02
1.5575e-01
1.5810e-01
9.9902e-02
1.0229e-01
1.0412e-01
1.0585e-01
1.7247e-01
1.7620e-01
1.8111e-01
1.8507e-01
3.6922e-01
3.7078e-01
3.7307e-01
3.7610e-01
3.8020e-01
3.8355e-01
4.5389e-01
4.5449e-01
9.6966e-02
9.6892e-02
1.5868e-01
1.6097e-01
1.0203e-01
1.0442e-01
1.0619e-01
1.0793e-01
1.7587e-01
1.8089e-01
1.8691e-01
1.9174e-01
3.7176e-01
3.7396e-01
3.7727e-01
3.8152e-01
3.8725e-01
3.9147e-01
4.5734e-01
4.5813e-01
9.9291e-02
9.9204e-02
1.6160e-01
1.6372e-01
1.6707e-01
1.7017e-01
1.7301e-01
1.7618e-01
1.8131e-01
1.8843e-01
3.7182e-01
3.7405e-01
3.7642e-01
3.7976e-01
3.8424e-01
3.8920e-01
3.9439e-01
3.9730e-01
4.5929e-01
4.5965e-01
1.0170e-01
1.0160e-01
1.6479e-01
1.6653e-01
1.6933e-01
1.7255e-01
1.7652e-01
1.8112e-01
1.8806e-01
1.9821e-01
3.7556e-01
3.7817e-01
3.8079e-01
3.8504e-01
3.9040e-01
3.9524e-01
3.9862e-01
3.9968e-01
4.5995e-01
4.6000e-01
1.0434e-01
1.0434e-01
3.6214e-01
3.6271e-01
3.6369e-01
3.6498e-01
3.6665e-01
3.6852e-01
3.7110e-01
3.7460e-01
3.7876e-01
3.8151e-01
4.5318e-01
4.5525e-01
4.5770e-01
4.5929e-01
3.9989e-01
4.0000e-01
4.6000e-01
4.6000e-01
1.0593e-01
1.0626e-01
3.6334e-01
3.6380e-01
3.6457e-01
3.6575e-01
3.6750e-01
3.6949e-01
3.7214e-01
3.7568e-01
3.7995e-01
3.8328e-01
4.5452e-01
4.5694e-01
4.5905e-01
4.5992e-01
4.0000e-01
4.0000e-01
4.6000e-01
4.6000e-01
1.7082e-01
1.7185e-01
3.6418e-01
3.6471e-01
3.6539e-01
3.6657e-01
1.8577e-01
1.9145e-01
3.7254e-01
3.7583e-01
3.8002e-01
3.8416e-01
4.5585e-01
4.5841e-01
4.5958e-01
4.5997e-01
4.6000e-01
4.6000e-01
4.6000e-01
4.6000e-01
1.7133e-01
1.7225e-01
3.6428e-01
3.6495e-01
3.6596e-01
3.6763e-01
1.9034e-01
1.9596e-01
3.7363e-01
3.7668e-01
3.8124e-01
3.8690e-01
4.5743e-01
4.5898e-01
4.5874e-01
4.5889e-01
4.5958e-01
4.6000e-01
4.6000e-01
4.6000e-01
1.7177e-01
1.7209e-01
1.7257e-01
1.7440e-01
1.7903e-01
1.8669e-01
1.9587e-01
2.0293e-01
3.7566e-01
3.7889e-01
4.5332e-01
4.5653e-01
3.9812e-01
3.9799e-01
4.5747e-01
4.5732e-01
4.5893e-01
4.6000e-01
4.6000e-01
4.6000e-01
1.7194e-01
1.7237e-01
1.7280e-01
1.7459e-01
1.7953e-01
1.8787e-01
1.9845e-01
2.0754e-01
3.7761e-01
3.8186e-01
4.5504e-01
4.5816e-01
3.9955e-01
3.9840e-01
4.5760e-01
4.5743e-01
4.5909e-01
4.6000e-01
4.6000e-01
4.6000e-01
3.6346e-01
3.6389e-01
3.6447e-01
3.6522e-01
3.6662e-01
3.6901e-01
1.9811e-01
2.0855e-01
4.5151e-01
4.5446e-01
4.5727e-01
4.5921e-01
4.5991e-01
4.5967e-01
4.5903e-01
4.5911e-01
3.9950e-01
4.0000e-01
4.0000e-01
4.0000e-01
3.6335e-01
3.6389e-01
3.6465e-01
3.6549e-01
3.6680e-01
3.6895e-01
1.9715e-01
2.0803e-01
4.5235e-01
4.5630e-01
4.5874e-01
4.5978e-01
4.6000e-01
4.6000e-01
4.6000e-01
4.6000e-01
4.0000e-01
4.0000e-01
4.0000e-01
4.0000e-01
1.5123e-01
1.5065e-01
1.4984e-01
1.4947e-01
1.5000e-01
1.5143e-01
9.4011e-02
9.5744e-02
1.5802e-01
1.6053e-01
1.0139e-01
1.0175e-01
1.6256e-01
1.6399e-01
1.0473e-01
1.0650e-01
1.7098e-01
1.7048e-01
1.0546e-01
1.0492e-01
1.5137e-01
1.5087e-01
1.5012e-01
1.4970e-01
1.5016e-01
1.5181e-01
9.4689e-02
9.6500e-02
1.5868e-01
1.6073e-01
1.0132e-01
1.0230e-01
1.6460e-01
1.6608e-01
1.0596e-01
1.0781e-01
1.7272e-01
1.7238e-01
1.0733e-01
1.0699e-01
1.5136e-01
1.5098e-01
1.5038e-01
1.4997e-01
1.5041e-01
1.5246e-01
9.5848e-02
9.7798e-02
1.5991e-01
1.6148e-01
1.6391e-01
1.6596e-01
1.6752e-01
1.6953e-01
1.0836e-01
1.1030e-01
1.1079e-01
1.1075e-01
3.6509e-01
3.6509e-01
1.5086e-01
1.5063e-01
1.5025e-01
1.5001e-01
1.5055e-01
1.5281e-01
9.6444e-02
9.8710e-02
1.6133e-01
1.6317e-01
1.6588e-01
1.6810e-01
1.7009e-01
1.7247e-01
1.1062e-01
1.1204e-01
1.1183e-01
1.1211e-01
3.6596e-01
3.6617e-01
1.4979e-01
1.4983e-01
1.4988e-01
1.4995e-01
1.5061e-01
1.5291e-01
9.6616e-02
9.9214e-02
1.6279e-01
1.6558e-01
1.0565e-01
1.0758e-01
3.6431e-01
3.6512e-01
1.7861e-01
1.7889e-01
1.7663e-01
1.7719e-01
4.4602e-01
4.4649e-01
1.4852e-01
1.4915e-01
1.5019e-01
1.5055e-01
1.5077e-01
1.5259e-01
9.6105e-02
9.9214e-02
1.6415e-01
1.6770e-01
1.0801e-01
1.1084e-01
3.6582e-01
3.6658e-01
1.8291e-01
1.8288e-01
1.8033e-01
1.8163e-01
4.4715e-01
4.4810e-01
1.4800e-01
1.4934e-01
9.2701e-02
9.3396e-02
1.5224e-01
1.5311e-01
1.5614e-01
1.6072e-01
1.6558e-01
1.6965e-01
1.0996e-01
1.1370e-01
1.1638e-01
1.1911e-01
3.6944e-01
3.6992e-01
3.6988e-01
3.7134e-01
4.4946e-01
4.5070e-01
1.5149e-01
1.5202e-01
9.4271e-02
9.5631e-02
1.5644e-01
1.5731e-01
1.5953e-01
1.6316e-01
1.6761e-01
1.7158e-01
1.1144e-01
1.1522e-01
1.1830e-01
1.2196e-01
3.7117e-01
3.7276e-01
3.7451e-01
3.7806e-01
4.5284e-01
4.5423e-01
9.7488e-02
9.6605e-02
1.5621e-01
1.5809e-01
9.9860e-02
1.0163e-01
1.0302e-01
1.0455e-01
1.7064e-01
1.7423e-01
1.7921e-01
1.8319e-01
3.6854e-01
3.7032e-01
3.7302e-01
3.7629e-01
3.8036e-01
3.8574e-01
4.5631e-01
4.5760e-01
1.0122e-01
9.9846e-02
1.5875e-01
1.6003e-01
1.0224e-01
1.0477e-01
1.0611e-01
1.0700e-01
1.7308e-01
1.7778e-01
1.8467e-01
1.8952e-01
3.7086e-01
3.7328e-01
3.7711e-01
3.8197e-01
3.8740e-01
3.9225e-01
4.5836e-01
4.5931e-01
1.0350e-01
1.0199e-01
1.6126e-01
1.6219e-01
1.6670e-01
1.7004e-01
1.7219e-01
1.7363e-01
1.7622e-01
1.8435e-01
3.7158e-01
3.7393e-01
3.7581e-01
3.7920e-01
3.8393e-01
3.8911e-01
3.9401e-01
3.9708e-01
4.5953e-01
4.5993e-01
1.0526e-01
1.0378e-01
1.6383e-01
1.6433e-01
1.6810e-01
1.7163e-01
1.7512e-01
1.7872e-01
1.8463e-01
1.9845e-01
3.7708e-01
3.7998e-01
3.8202e-01
3.8639e-01
3.9159e-01
3.9510e-01
3.9767e-01
3.9915e-01
4.5992e-01
4.6000e-01
1.0647e-01
1.0523e-01
3.6131e-01
3.6147e-01
3.6284e-01
3.6443e-01
3.6623e-01
3.6834e-01
3.7157e-01
3.7673e-01
3.8253e-01
3.8553e-01
4.5491e-01
4.5710e-01
4.5890e-01
4.5947e-01
3.9950e-01
3.9983e-01
4.6000e-01
4.6000e-01
1.0557e-01
1.0525e-01
3.6208e-01
3.6248e-01
3.6374e-01
3.6517e-01
3.6691e-01
3.6936e-01
3.7319e-01
3.7869e-01
3.8456e-01
3.8821e-01
4.5677e-01
4.5899e-01
4.5990e-01
4.6000e-01
4.0000e-01
4.0000e-01
4.6000e-01
4.6000e-01
1.6596e-01
1.6720e-01
3.6250e-01
3.6347e-01
3.6483e-01
3.6608e-01
1.8246e-01
1.8900e-01
3.7316e-01
3.7834e-01
3.8409e-01
3.8916e-01
4.5777e-01
4.5966e-01
4.6000e-01
4.6000e-01
4.6000e-01
4.6000e-01
4.6000e-01
4.6000e-01
1.6518e-01
1.6653e-01
3.6250e-01
3.6378e-01
3.6544e-01
3.6739e-01
1.8869e-01
1.9488e-01
3.7457e-01
3.7947e-01
3.8551e-01
3.9190e-01
4.5881e-01
4.5992e-01
4.6000e-01
4.6000e-01
4.6000e-01
4.6000e-01
4.6000e-01
4.6000e-01
1.6660e-01
1.6732e-01
1.6850e-01
1.7085e-01
1.7585e-01
1.8547e-01
1.9726e-01
2.0622e-01
3.7779e-01
3.8312e-01
4.5557e-01
4.5831e-01
3.9954e-01
4.0000e-01
4.6000e-01
4.6000e-01
4.6000e-01
4.6000e-01
4.6000e-01
4.6000e-01
1.6609e-01
1.6772e-01
1.6984e-01
1.7180e-01
1.7564e-01
1.8526e-01
1.9924e-01
2.1198e-01
3.8080e-01
3.8742e-01
4.5741e-01
4.5948e-01
3.9998e-01
4.0000e-01
4.6000e-01
4.6000e-01
4.6000e-01
4.6000e-01
4.6000e-01
4.6000e-01
3.5999e-01
3.6150e-01
3.6375e-01
3.6491e-01
3.6549e-01
3.6761e-01
1.9525e-01
2.1035e-01
4.5290e-01
4.5661e-01
4.5890e-01
4.5988e-01
4.6000e-01
4.6000e-01
4.6000e-01
4.6000e-01
4.0000e-01
4.0000e-01
4.0000e-01
4.0000e-01
3.5928e-01
3.6100e-01
3.6382e-01
3.6540e-01
3.6578e-01
3.6722e-01
1.9224e-01
2.0745e-01
4.5354e-01
4.5802e-01
4.5963e-01
4.5999e-01
4.6000e-01
4.6000e-01
4.6000e-01
4.6000e-01
4.0000e-01
4.0000e-01
4.0000e-01
4.0000e-01
1.5145e-01
1.5062e-01
1.4943e-01
1.4889e-01
1.4940e-01
1.5109e-01
9.3969e-02
9.5356e-02
1.5677e-01
1.5923e-01
1.6253e-01
1.6291e-01
9.9171e-02
9.9564e-02
1.6441e-01
1.6620e-01
3.6152e-01
3.6183e-01
4.4400e-01
4.4417e-01
1.5170e-01
1.5104e-01
1.4996e-01
1.4925e-01
1.4947e-01
1.5108e-01
9.4181e-02
9.5807e-02
1.5740e-01
1.5938e-01
1.6218e-01
1.6305e-01
1.0009e-01
1.0077e-01
1.6615e-01
1.6819e-01
3.6241e-01
3.6283e-01
4.4451e-01
4.4471e-01
1.5183e-01
1.5137e-01
1.5053e-01
1.4974e-01
1.4963e-01
1.5122e-01
1.5461e-01
1.5715e-01
1.5833e-01
1.5988e-01
1.6198e-01
1.6332e-01
3.6031e-01
3.6117e-01
3.6261e-01
3.6352e-01
3.6391e-01
3.6446e-01
3.6522e-01
3.6572e-01
1.5127e-01
1.5096e-01
1.5036e-01
1.4975e-01
1.4965e-01
1.5125e-01
1.5482e-01
1.5765e-01
1.5910e-01
1.6101e-01
1.6344e-01
1.6503e-01
3.6138e-01
3.6257e-01
3.6417e-01
3.6498e-01
3.6510e-01
3.6562e-01
3.6655e-01
3.6716e-01
1.4999e-01
1.4984e-01
1.4958e-01
1.4936e-01
1.4958e-01
1.5129e-01
1.5480e-01
1.5776e-01
1.5976e-01
1.6267e-01
3.6130e-01
3.6224e-01
3.6290e-01
3.6420e-01
3.6589e-01
3.6662e-01
4.4578e-01
4.4604e-01
4.4686e-01
4.4742e-01
1.4870e-01
1.4895e-01
1.4943e-01
1.4953e-01
1.4965e-01
1.5117e-01
1.5434e-01
1.5762e-01
1.6056e-01
1.6426e-01
3.6244e-01
3.6381e-01
3.6477e-01
3.6613e-01
3.6783e-01
3.6880e-01
4.4688e-01
4.4738e-01
4.4865e-01
4.4955e-01
9.0129e-02
9.0612e-02
1.5082e-01
1.5145e-01
9.2048e-02
9.2715e-02
9.4382e-02
9.6943e-02
3.5932e-01
3.6119e-01
3.6344e-01
3.6528e-01
3.6688e-01
3.6851e-01
3.7037e-01
3.7181e-01
4.4853e-01
4.4950e-01
4.5111e-01
4.5217e-01
9.2529e-02
9.2589e-02
1.5317e-01
1.5473e-01
9.5397e-02
9.6031e-02
9.7049e-02
9.9011e-02
3.6043e-01
3.6215e-01
3.6430e-01
3.6634e-01
3.6836e-01
3.7047e-01
3.7277e-01
3.7486e-01
4.5028e-01
4.5200e-01
4.5417e-01
4.5527e-01
1.5739e-01
1.5664e-01
9.5600e-02
9.6980e-02
1.6110e-01
1.6284e-01
1.6371e-01
1.6535e-01
3.6202e-01
3.6342e-01
3.6539e-01
3.6747e-01
4.4721e-01
4.4837e-01
4.4966e-01
4.5090e-01
4.5242e-01
4.5459e-01
3.9317e-01
3.9535e-01
1.6135e-01
1.6036e-01
9.7628e-02
9.8721e-02
1.6411e-01
1.6637e-01
1.6729e-01
1.6842e-01
3.6311e-01
3.6484e-01
3.6742e-01
3.6984e-01
4.4842e-01
4.4990e-01
4.5150e-01
4.5321e-01
4.5502e-01
4.5673e-01
3.9658e-01
3.9793e-01
1.6401e-01
1.6289e-01
9.9337e-02
1.0016e-01
3.6095e-01
3.6200e-01
3.6266e-01
3.6321e-01
4.4488e-01
4.4612e-01
3.7123e-01
3.7412e-01
4.5036e-01
4.5215e-01
4.5393e-01
4.5570e-01
3.9432e-01
3.9687e-01
3.9879e-01
3.9941e-01
1.6601e-01
1.6480e-01
1.0066e-01
1.0113e-01
3.6138e-01
3.6270e-01
3.6402e-01
3.6532e-01
4.4623e-01
4.4802e-01
3.7681e-01
3.7966e-01
4.5266e-01
4.5495e-01
4.5696e-01
4.5792e-01
3.9730e-01
3.9865e-01
3.9966e-01
3.9991e-01
3.6172e-01
3.6122e-01
1.6438e-01
1.6488e-01
3.6194e-01
3.6370e-01
3.6595e-01
3.6843e-01
3.7185e-01
3.7690e-01
2.4096e-01
2.5488e-01
4.5503e-01
4.5782e-01
3.9883e-01
3.9928e-01
4.5961e-01
4.5979e-01
4.5997e-01
4.6000e-01
3.6126e-01
3.6118e-01
1.6560e-01
1.6684e-01
3.6295e-01
3.6480e-01
3.6734e-01
3.7054e-01
3.7458e-01
3.7943e-01
2.5215e-01
2.6913e-01
4.5664e-01
4.5929e-01
3.9997e-01
4.0000e-01
4.6000e-01
4.6000e-01
4.6000e-01
4.6000e-01
1.0131e-01
1.0233e-01
3.6167e-01
3.6292e-01
3.6476e-01
3.6665e-01
4.4687e-01
4.4836e-01
4.5027e-01
4.5212e-01
4.5387e-01
4.5549e-01
4.5812e-01
4.5985e-01
4.0000e-01
4.0000e-01
4.0000e-01
4.0000e-01
4.0000e-01
4.0000e-01
1.0144e-01
1.0303e-01
3.6265e-01
3.6444e-01
3.6683e-01
3.6971e-01
4.4859e-01
4.5006e-01
4.5190e-01
4.5380e-01
4.5567e-01
4.5752e-01
4.5933e-01
4.6000e-01
4.0000e-01
4.0000e-01
4.0000e-01
4.0000e-01
4.0000e-01
4.0000e-01
1.6615e-01
1.6848e-01
4.4460e-01
4.4544e-01
4.4664e-01
4.4838e-01
3.7765e-01
3.8117e-01
4.5364e-01
4.5571e-01
4.5776e-01
4.5923e-01
3.9985e-01
4.0000e-01
4.0000e-01
4.0000e-01
3.5000e-01
3.5000e-01
4.0000e-01
4.0000e-01
1.6652e-01
1.6979e-01
4.4506e-01
4.4592e-01
4.4704e-01
4.4886e-01
3.7908e-01
3.8318e-01
4.5496e-01
4.5723e-01
4.5903e-01
4.5988e-01
4.0000e-01
4.0000e-01
4.0000e-01
4.0000e-01
3.5000e-01
3.5000e-01
4.0000e-01
4.0000e-01
4.4327e-01
4.4405e-01
1.7685e-01
1.8300e-01
4.4709e-01
4.4870e-01
4.5081e-01
4.5301e-01
4.5625e-01
4.5870e-01
4.5971e-01
4.6000e-01
4.0000e-01
4.0000e-01
4.0000e-01
4.0000e-01
4.0000e-01
4.0000e-01
4.0000e-01
4.0000e-01
4.4306e-01
4.4385e-01
1.7605e-01
1.8231e-01
4.4695e-01
4.4845e-01
4.5060e-01
4.5305e-01
4.5686e-01
4.5944e-01
4.5996e-01
4.6000e-01
4.0000e-01
4.0000e-01
4.0000e-01
4.0000e-01
4.0000e-01
4.0000e-01
4.0000e-01
4.0000e-01
1.5172e-01
1.5063e-01
1.4868e-01
1.4790e-01
1.4857e-01
1.5091e-01
9.4526e-02
9.5398e-02
1.5516e-01
1.5701e-01
1.6029e-01
1.6149e-01
9.9370e-02
9.8952e-02
1.6004e-01
1.5981e-01
3.5853e-01
3.5978e-01
4.4409e-01
4.4491e-01
1.5206e-01
1.5126e-01
1.4962e-01
1.4857e-01
1.4866e-01
1.5034e-01
9.3814e-02
9.5276e-02
1.5602e-01
1.5758e-01
1.6014e-01
1.6099e-01
9.8797e-02
9.8791e-02
1.6089e-01
1.6131e-01
3.5939e-01
3.6078e-01
4.4451e-01
4.4528e-01
1.5242e-01
1.5194e-01
1.5094e-01
1.4974e-01
1.4888e-01
1.4960e-01
1.5199e-01
1.5472e-01
1.5698e-01
1.5865e-01
1.6029e-01
1.6048e-01
3.5821e-01
3.5869e-01
3.5983e-01
3.6056e-01
3.6111e-01
3.6269e-01
3.6520e-01
3.6656e-01
1.5182e-01
1.5151e-01
1.5079e-01
1.4983e-01
1.4887e-01
1.4920e-01
1.5112e-01
1.5408e-01
1.5724e-01
1.5926e-01
1.6071e-01
1.6101e-01
3.5882e-01
3.6018e-01
3.6245e-01
3.6358e-01
3.6390e-01
3.6502e-01
3.6698e-01
3.6808e-01
1.5012e-01
1.4983e-01
1.4921e-01
1.4877e-01
1.4862e-01
1.4929e-01
1.5106e-01
1.5389e-01
1.5724e-01
1.5967e-01
3.5921e-01
3.5974e-01
3.6030e-01
3.6265e-01
3.6608e-01
3.6792e-01
4.4678e-01
4.4724e-01
4.4783e-01
4.4817e-01
1.4930e-01
1.4879e-01
1.4815e-01
1.4814e-01
1.4888e-01
1.5018e-01
1.5195e-01
1.5402e-01
1.5673e-01
1.5986e-01
3.5996e-01
3.6126e-01
3.6270e-01
3.6512e-01
3.6847e-01
3.7148e-01
4.4916e-01
4.5004e-01
4.5041e-01
4.5060e-01
9.1382e-02
9.0747e-02
1.4832e-01
1.4879e-01
9.1851e-02
9.3438e-02
9.4521e-02
9.5054e-02
3.5686e-01
3.5850e-01
3.6098e-01
3.6338e-01
3.6593e-01
3.6826e-01
3.7082e-01
3.7457e-01
4.5123e-01
4.5247e-01
4.5274e-01
4.5283e-01
9.2991e-02
9.2577e-02
1.5131e-01
1.5254e-01
9.5303e-02
9.6693e-02
9.6881e-02
9.7168e-02
3.5815e-01
3.5953e-01
3.6209e-01
3.6541e-01
3.6926e-01
3.7238e-01
3.7517e-01
3.7847e-01
4.5263e-01
4.5400e-01
4.5445e-01
4.5465e-01
1.5462e-01
1.5501e-01
9.5805e-02
9.7323e-02
1.6068e-01
1.6130e-01
1.6026e-01
1.6129e-01
3.6040e-01
3.6163e-01
3.6367e-01
3.6782e-01
4.4882e-01
4.5072e-01
4.5219e-01
4.5327e-01
4.5433e-01
4.5525e-01
3.9063e-01
3.9128e-01
1.5684e-01
1.5762e-01
9.8420e-02
9.9937e-02
1.6305e-01
1.6319e-01
1.6217e-01
1.6364e-01
3.6204e-01
3.6382e-01
3.6616e-01
3.7095e-01
4.5066e-01
4.5291e-01
4.5437e-01
4.5540e-01
4.5604e-01
4.5668e-01
3.9421e-01
3.9470e-01
1.5919e-01
1.6005e-01
1.0024e-01
1.0131e-01
3.6026e-01
3.6041e-01
3.6041e-01
3.6142e-01
4.4480e-01
4.4604e-01
3.6992e-01
3.7477e-01
4.5237e-01
4.5465e-01
4.5586e-01
4.5668e-01
3.9411e-01
3.9582e-01
3.9758e-01
3.9811e-01
1.6021e-01
1.6108e-01
1.0083e-01
1.0165e-01
3.6042e-01
3.6121e-01
3.6250e-01
3.6417e-01
4.4617e-01
4.4778e-01
3.7435e-01
3.7803e-01
4.5354e-01
4.5621e-01
4.5742e-01
4.5804e-01
3.9695e-01
3.9803e-01
3.9920e-01
3.9959e-01
3.5874e-01
3.5908e-01
1.6298e-01
1.6397e-01
3.6051e-01
3.6234e-01
3.6553e-01
3.6824e-01
3.7118e-01
3.7480e-01
2.2095e-01
2.3216e-01
4.5441e-01
4.5767e-01
3.9773e-01
3.9874e-01
4.5967e-01
4.5981e-01
4.5996e-01
4.6000e-01
3.5888e-01
3.5918e-01
1.6310e-01
1.6470e-01
3.6139e-01
3.6386e-01
3.6817e-01
3.7249e-01
3.7631e-01
3.7881e-01
2.3289e-01
2.4495e-01
4.5580e-01
4.5903e-01
3.9946e-01
3.9978e-01
4.5999e-01
4.6000e-01
4.6000e-01
4.6000e-01
9.9986e-02
1.0068e-01
3.6050e-01
3.6186e-01
3.6384e-01
3.6695e-01
4.4823e-01
4.5091e-01
4.5321e-01
4.5417e-01
4.5453e-01
4.5557e-01
4.5823e-01
4.5986e-01
4.0000e-01
4.0000e-01
4.0000e-01
4.0000e-01
4.0000e-01
4.0000e-01
1.0131e-01
1.0364e-01
3.6345e-01
3.6577e-01
3.6891e-01
3.7285e-01
4.5091e-01
4.5366e-01
4.5601e-01
4.5733e-01
4.5805e-01
4.5878e-01
4.5963e-01
4.5999e-01
4.0000e-01
4.0000e-01
4.0000e-01
4.0000e-01
4.0000e-01
4.0000e-01
1.6544e-01
1.7147e-01
4.4622e-01
4.4783e-01
4.4955e-01
4.5129e-01
3.8465e-01
3.8977e-01
4.5759e-01
4.5897e-01
4.5958e-01
4.5982e-01
3.9975e-01
3.9986e-01
4.0000e-01
3.9998e-01
3.4995e-01
3.4997e-01
4.0000e-01
4.0000e-01
1.6800e-01
1.7368e-01
4.4662e-01
4.4851e-01
4.5066e-01
4.5267e-01
3.8739e-01
3.9212e-01
4.5851e-01
4.5962e-01
4.5993e-01
4.5999e-01
3.9987e-01
3.9987e-01
3.9999e-01
3.9996e-01
3.4985e-01
3.4987e-01
3.9997e-01
4.0000e-01
4.4463e-01
4.4506e-01
1.8141e-01
1.9290e-01
4.4999e-01
4.5266e-01
4.5496e-01
4.5737e-01
4.5928e-01
4.5990e-01
4.6000e-01
4.6000e-01
4.0000e-01
3.9999e-01
4.0000e-01
3.9997e-01
3.9991e-01
3.9989e-01
3.9994e-01
3.9998e-01
4.4509e-01
4.4523e-01
1.7840e-01
1.8599e-01
4.4925e-01
4.5241e-01
4.5523e-01
4.5794e-01
4.5962e-01
4.5999e-01
4.6000e-01
4.6000e-01
4.0000e-01
4.0000e-01
4.0000e-01
3.9999e-01
3.9995e-01
3.9991e-01
3.9990e-01
3.9991e-01
3.5193e-01
3.5177e-01
1.4557e-01
1.4584e-01
1.4728e-01
1.4972e-01
1.5265e-01
1.5316e-01
1.5206e-01
1.5362e-01
3.5719e-01
3.5818e-01
4.4266e-01
4.4315e-01
4.4344e-01
4.4353e-01
4.4359e-01
4.4409e-01
4.4518e-01
4.4590e-01
3.5216e-01
3.5201e-01
1.4600e-01
1.4593e-01
1.4697e-01
1.4904e-01
1.5176e-01
1.5296e-01
1.5275e-01
1.5396e-01
3.5703e-01
3.5788e-01
4.4252e-01
4.4321e-01
4.4376e-01
4.4395e-01
4.4399e-01
4.4440e-01
4.4536e-01
4.4596e-01
3.5253e-01
3.5235e-01
3.5201e-01
3.5183e-01
1.4660e-01
1.4808e-01
1.5026e-01
1.5216e-01
3.5561e-01
3.5612e-01
3.5686e-01
3.5743e-01
4.4232e-01
4.4333e-01
4.4436e-01
4.4477e-01
4.4484e-01
4.4515e-01
3.6658e-01
3.6746e-01
3.5281e-01
3.5258e-01
3.5215e-01
3.5190e-01
1.4645e-01
1.4755e-01
1.4932e-01
1.5139e-01
3.5562e-01
3.5620e-01
3.5677e-01
3.5738e-01
4.4251e-01
4.4402e-01
4.4560e-01
4.4619e-01
4.4621e-01
4.4628e-01
3.6855e-01
3.6905e-01
1.4828e-01
1.4775e-01
1.4684e-01
1.4642e-01
1.4679e-01
1.4781e-01
1.4921e-01
1.5105e-01
3.5547e-01
3.5616e-01
3.5692e-01
3.5791e-01
4.4306e-01
4.4504e-01
3.6946e-01
3.7158e-01
4.4831e-01
4.4854e-01
4.4875e-01
4.4886e-01
1.4906e-01
1.4829e-01
1.4723e-01
1.4704e-01
1.4790e-01
1.4920e-01
1.5056e-01
1.5162e-01
3.5538e-01
3.5633e-01
3.5769e-01
3.5939e-01
4.4397e-01
4.4578e-01
3.7098e-01
3.7442e-01
4.5045e-01
4.5120e-01
4.5135e-01
4.5139e-01
9.1830e-02
9.1068e-02
9.0112e-02
9.0283e-02
9.1733e-02
9.3238e-02
4.4121e-01
4.4120e-01
4.4118e-01
4.4169e-01
3.5917e-01
3.6177e-01
3.6520e-01
3.6860e-01
4.4820e-01
4.5010e-01
3.8179e-01
3.8423e-01
4.5324e-01
4.5328e-01
9.3158e-02
9.2619e-02
9.2011e-02
9.2776e-02
9.5027e-02
9.6566e-02
4.4195e-01
4.4198e-01
4.4202e-01
4.4244e-01
3.6092e-01
3.6439e-01
3.6885e-01
3.7258e-01
4.4990e-01
4.5156e-01
3.8442e-01
3.8657e-01
4.5430e-01
4.5448e-01
1.5335e-01
1.5347e-01
1.5419e-01
1.5618e-01
3.5802e-01
3.5869e-01
4.4251e-01
4.4277e-01
3.6039e-01
3.6127e-01
4.4444e-01
4.4643e-01
3.7413e-01
3.7875e-01
3.8285e-01
3.8593e-01
4.5470e-01
4.5522e-01
4.5540e-01
4.5559e-01
1.5342e-01
1.5416e-01
1.5601e-01
1.5815e-01
3.5860e-01
3.5932e-01
4.4294e-01
4.4343e-01
3.6257e-01
3.6394e-01
4.4581e-01
4.4815e-01
3.7916e-01
3.8379e-01
3.8738e-01
3.9032e-01
4.5636e-01
4.5690e-01
4.5724e-01
4.5732e-01
3.5564e-01
3.5618e-01
3.5726e-01
3.5811e-01
3.5881e-01
3.5978e-01
4.4346e-01
4.4427e-01
4.4543e-01
4.4647e-01
4.4768e-01
4.4993e-01
3.8335e-01
3.8768e-01
4.5574e-01
4.5679e-01
4.5745e-01
4.5814e-01
3.9763e-01
3.9790e-01
3.5566e-01
3.5632e-01
3.5755e-01
3.5843e-01
3.5912e-01
3.6077e-01
4.4442e-01
4.4548e-01
4.4690e-01
4.4846e-01
4.4974e-01
4.5130e-01
3.8600e-01
3.9091e-01
4.5703e-01
4.5796e-01
4.5856e-01
4.5898e-01
3.9889e-01
3.9912e-01
3.5599e-01
3.5666e-01
3.5795e-01
3.5894e-01
4.4298e-01
4.4413e-01
3.6636e-01
3.6929e-01
4.4831e-01
4.4996e-01
3.7966e-01
3.8201e-01
4.5461e-01
4.5706e-01
4.5817e-01
4.5893e-01
3.9912e-01
3.9944e-01
3.9960e-01
3.9964e-01
3.5698e-01
3.5753e-01
3.5875e-01
3.6008e-01
4.4378e-01
4.4518e-01
3.6941e-01
3.7367e-01
4.5058e-01
4.5173e-01
3.8236e-01
3.8483e-01
4.5612e-01
4.5841e-01
4.5909e-01
4.5938e-01
3.9940e-01
3.9963e-01
3.9972e-01
3.9974e-01
4.4263e-01
4.4283e-01
4.4332e-01
4.4412e-01
4.4530e-01
4.4685e-01
4.4905e-01
4.5167e-01
3.8614e-01
3.8822e-01
4.5508e-01
4.5623e-01
3.9619e-01
3.9863e-01
3.4653e-01
3.4660e-01
3.9920e-01
3.9948e-01
3.4920e-01
3.4935e-01
4.4363e-01
4.4419e-01
4.4517e-01
4.4632e-01
4.4782e-01
4.4941e-01
4.5169e-01
4.5432e-01
3.9220e-01
3.9451e-01
4.5806e-01
4.5871e-01
3.9858e-01
3.9898e-01
3.4630e-01
3.4572e-01
3.9890e-01
3.9923e-01
3.4890e-01
3.4924e-01
4.4434e-01
4.4536e-01
3.6966e-01
3.7377e-01
3.7798e-01
3.8160e-01
3.8576e-01
3.9097e-01
3.9560e-01
3.9780e-01
3.9883e-01
3.9922e-01
4.5950e-01
4.5950e-01
3.9905e-01
3.9875e-01
3.9859e-01
3.9892e-01
3.9939e-01
3.9957e-01
4.4513e-01
4.4597e-01
3.7107e-01
3.7594e-01
3.8122e-01
3.8510e-01
3.8852e-01
3.9339e-01
3.9768e-01
3.9912e-01
3.9953e-01
3.9968e-01
4.5971e-01
4.5963e-01
3.9919e-01
3.9874e-01
3.9845e-01
3.9866e-01
3.9912e-01
3.9935e-01
4.4619e-01
4.4653e-01
4.4742e-01
4.4921e-01
4.5192e-01
4.5406e-01
4.5581e-01
4.5799e-01
3.9916e-01
3.9974e-01
3.9990e-01
3.9992e-01
3.9986e-01
3.9970e-01
3.9934e-01
3.9886e-01
3.9854e-01
3.9857e-01
3.9881e-01
3.9897e-01
4.4684e-01
4.4692e-01
4.4730e-01
4.4876e-01
4.5166e-01
4.5427e-01
4.5638e-01
4.5857e-01
3.9967e-01
3.9992e-01
3.9999e-01
3.9999e-01
3.9992e-01
3.9978e-01
3.9941e-01
3.9894e-01
3.9862e-01
3.9851e-01
3.9854e-01
3.9857e-01
3.4693e-01
3.4755e-01
1.4162e-01
1.4403e-01
1.4643e-01
1.4869e-01
1.5058e-01
1.5059e-01
1.4927e-01
1.4991e-01
3.5523e-01
3.5673e-01
4.4285e-01
4.4440e-01
4.4553e-01
4.4612e-01
4.4642e-01
4.4665e-01
4.4695e-01
4.4715e-01
3.4727e-01
3.4752e-01
1.4063e-01
1.4267e-01
1.4536e-01
1.4803e-01
1.5018e-01
1.5043e-01
1.4933e-01
1.4957e-01
3.5476e-01
3.5638e-01
4.4295e-01
4.4496e-01
4.4647e-01
4.4700e-01
4.4695e-01
4.4673e-01
4.4662e-01
4.4669e-01
3.4805e-01
3.4779e-01
3.4750e-01
3.4812e-01
1.4328e-01
1.4675e-01
1.4955e-01
1.5008e-01
3.5363e-01
3.5348e-01
3.5398e-01
3.5570e-01
4.4311e-01
4.4580e-01
4.4783e-01
4.4836e-01
4.4792e-01
4.4710e-01
3.6795e-01
3.6757e-01
3.4946e-01
3.4888e-01
3.4795e-01
3.4794e-01
1.4258e-01
1.4599e-01
1.4872e-01
1.4933e-01
3.5330e-01
3.5321e-01
3.5366e-01
3.5557e-01
4.4338e-01
4.4645e-01
4.4865e-01
4.4932e-01
4.4900e-01
4.4814e-01
3.7006e-01
3.6917e-01
1.4611e-01
1.4511e-01
1.4331e-01
1.4273e-01
1.4425e-01
1.4638e-01
1.4805e-01
1.4830e-01
3.5274e-01
3.5292e-01
3.5389e-01
3.5626e-01
4.4383e-01
4.4695e-01
3.7434e-01
3.7628e-01
4.5011e-01
4.4996e-01
4.4965e-01
4.4944e-01
1.4924e-01
1.4847e-01
1.4685e-01
1.4620e-01
1.4702e-01
1.4829e-01
1.4938e-01
1.4940e-01
3.5334e-01
3.5365e-01
3.5496e-01
3.5754e-01
4.4419e-01
4.4701e-01
3.7463e-01
3.7729e-01
4.5098e-01
4.5152e-01
4.5197e-01
4.5220e-01
9.2371e-02
9.2022e-02
9.1353e-02
9.1297e-02
9.2102e-02
9.3145e-02
4.4118e-01
4.4125e-01
4.4123e-01
4.4135e-01
3.5725e-01
3.5963e-01
3.6380e-01
3.6894e-01
4.4915e-01
4.5077e-01
3.8048e-01
3.8221e-01
4.5324e-01
4.5387e-01
9.3654e-02
9.3263e-02
9.2659e-02
9.3094e-02
9.4662e-02
9.6484e-02
4.4229e-01
4.4247e-01
4.4242e-01
4.4261e-01
3.6023e-01
3.6262e-01
3.6632e-01
3.7049e-01
4.4970e-01
4.5154e-01
3.8252e-01
3.8412e-01
4.5417e-01
4.5500e-01
1.5360e-01
1.5291e-01
1.5167e-01
1.5269e-01
3.5670e-01
3.5841e-01
4.4330e-01
4.4367e-01
3.6086e-01
3.6152e-01
4.4482e-01
4.4624e-01
3.7085e-01
3.7441e-01
3.7911e-01
3.8368e-01
4.5424e-01
4.5505e-01
4.5583e-01
4.5634e-01
1.5102e-01
1.5086e-01
1.5036e-01
1.5181e-01
3.5662e-01
3.5906e-01
4.4411e-01
4.4490e-01
3.6385e-01
3.6470e-01
4.4671e-01
4.4847e-01
3.7576e-01
3.7876e-01
3.8320e-01
3.8877e-01
4.5691e-01
4.5767e-01
4.5799e-01
4.5811e-01
3.5236e-01
3.5268e-01
3.5318e-01
3.5429e-01
3.5636e-01
3.5975e-01
4.4503e-01
4.4636e-01
4.4672e-01
4.4747e-01
4.4909e-01
4.5052e-01
3.8040e-01
3.8350e-01
4.5473e-01
4.5712e-01
4.5875e-01
4.5910e-01
3.9861e-01
3.9862e-01
3.5169e-01
3.5223e-01
3.5332e-01
3.5488e-01
3.5728e-01
3.6096e-01
4.4564e-01
4.4731e-01
4.4851e-01
4.5002e-01
4.5155e-01
4.5245e-01
3.8480e-01
3.8886e-01
4.5700e-01
4.5838e-01
4.5914e-01
4.5929e-01
3.9877e-01
3.9874e-01
3.5268e-01
3.5336e-01
3.5481e-01
3.5696e-01
4.4315e-01
4.4469e-01
3.6732e-01
3.7084e-01
4.4954e-01
4.5169e-01
3.8443e-01
3.8620e-01
4.5498e-01
4.5692e-01
4.5850e-01
4.5897e-01
3.9861e-01
3.9873e-01
3.9865e-01
3.9857e-01
3.5516e-01
3.5583e-01
3.5755e-01
3.6022e-01
4.4494e-01
4.4648e-01
3.7027e-01
3.7332e-01
4.5074e-01
4.5273e-01
3.8645e-01
3.8873e-01
4.5630e-01
4.5767e-01
4.5842e-01
4.5866e-01
3.9809e-01
3.9825e-01
3.9787e-01
3.9768e-01
4.4294e-01
4.4324e-01
4.4405e-01
4.4529e-01
4.4704e-01
4.4850e-01
4.4963e-01
4.5102e-01
3.8307e-01
3.8630e-01
4.5521e-01
4.5646e-01
3.9478e-01
3.9548e-01
3.2487e-01
3.2564e-01
3.9633e-01
3.9681e-01
3.3105e-01
3.2998e-01
4.4486e-01
4.4517e-01
4.4591e-01
4.4714e-01
4.4865e-01
4.5003e-01
4.5154e-01
4.5329e-01
3.8821e-01
3.9055e-01
4.5692e-01
4.5806e-01
3.9724e-01
3.9653e-01
3.2285e-01
3.1797e-01
3.9495e-01
3.9593e-01
3.2915e-01
3.2839e-01
4.4609e-01
4.4634e-01
3.6918e-01
3.7223e-01
3.7600e-01
3.7922e-01
3.8298e-01
3.8806e-01
3.9246e-01
3.9463e-01
3.9648e-01
3.9811e-01
4.5938e-01
4.5916e-01
3.9657e-01
3.9507e-01
3.9518e-01
3.9628e-01
3.9712e-01
3.9722e-01
4.4706e-01
4.4732e-01
3.7168e-01
3.7592e-01
3.8081e-01
3.8340e-01
3.8613e-01
3.9122e-01
3.9582e-01
3.9732e-01
3.9819e-01
3.9891e-01
4.5961e-01
4.5953e-01
3.9788e-01
3.9632e-01
3.9588e-01
3.9662e-01
3.9769e-01
3.9808e-01
4.4794e-01
4.4832e-01
4.4926e-01
4.5150e-01
4.5385e-01
4.5471e-01
4.5550e-01
4.5742e-01
3.9834e-01
3.9897e-01
3.9929e-01
3.9946e-01
3.9953e-01
3.9939e-01
3.9822e-01
3.9676e-01
3.9617e-01
3.9642e-01
3.9698e-01
3.9727e-01
4.4844e-01
4.4890e-01
4.5002e-01
4.5229e-01
4.5452e-01
4.5548e-01
4.5638e-01
4.5805e-01
3.9889e-01
3.9927e-01
3.9945e-01
3.9955e-01
3.9958e-01
3.9943e-01
3.9832e-01
3.9691e-01
3.9623e-01
3.9611e-01
3.9622e-01
3.9629e-01
3.4223e-01
3.4311e-01
3.4490e-01
3.4676e-01
3.4850e-01
3.5015e-01
3.5150e-01
3.5193e-01
1.4620e-01
1.4709e-01
3.5379e-01
3.5587e-01
4.4305e-01
4.4513e-01
4.4659e-01
4.4743e-01
4.4796e-01
4.4828e-01
4.4851e-01
4.4863e-01
3.4285e-01
3.4331e-01
3.4454e-01
3.4624e-01
3.4816e-01
3.5003e-01
3.5146e-01
3.5189e-01
1.4611e-01
1.4683e-01
3.5361e-01
3.5594e-01
4.4330e-01
4.4576e-01
4.4747e-01
4.4817e-01
4.4840e-01
4.4836e-01
4.4825e-01
4.4826e-01
3.4415e-01
3.4408e-01
1.3411e-01
1.3597e-01
1.3950e-01
1.4308e-01
3.5146e-01
3.5185e-01
3.5170e-01
3.5203e-01
4.4010e-01
4.4138e-01
4.4383e-01
4.4674e-01
3.7343e-01
3.7487e-01
4.4921e-01
4.4871e-01
4.4813e-01
4.4795e-01
3.4622e-01
3.4587e-01
1.3602e-01
1.3697e-01
1.4021e-01
1.4356e-01
3.5163e-01
3.5197e-01
3.5181e-01
3.5223e-01
4.4029e-01
4.4178e-01
4.4448e-01
4.4749e-01
3.7529e-01
3.7688e-01
4.5016e-01
4.4974e-01
4.4910e-01
4.4877e-01
3.4910e-01
3.4877e-01
4.3774e-01
4.3785e-01
4.3845e-01
4.3910e-01
4.3958e-01
4.3969e-01
4.3966e-01
4.3997e-01
4.4088e-01
4.4246e-01
4.4517e-01
4.4812e-01
3.7666e-01
3.7856e-01
4.5129e-01
4.5145e-01
4.5132e-01
4.5117e-01
3.5142e-01
3.5128e-01
4.3896e-01
4.3902e-01
4.3941e-01
4.3985e-01
4.4024e-01
4.4041e-01
4.4049e-01
4.4086e-01
4.4174e-01
4.4318e-01
4.4559e-01
4.4834e-01
3.7760e-01
3.8030e-01
4.5233e-01
4.5293e-01
4.5337e-01
4.5356e-01
4.3996e-01
4.3996e-01
4.3993e-01
4.4004e-01
4.4038e-01
4.4080e-01
4.4126e-01
4.4162e-01
4.4194e-01
4.4232e-01
4.4298e-01
4.4414e-01
4.4599e-01
4.4820e-01
4.5055e-01
4.5215e-01
4.5302e-01
4.5366e-01
4.5451e-01
4.5499e-01
4.4037e-01
4.4038e-01
4.4036e-01
4.4052e-01
4.4091e-01
4.4149e-01
4.4226e-01
4.4278e-01
4.4312e-01
4.4367e-01
4.4442e-01
4.4546e-01
4.4691e-01
4.4860e-01
4.5081e-01
4.5269e-01
4.5366e-01
4.5423e-01
4.5516e-01
4.5577e-01
3.5396e-01
3.5394e-01
4.4030e-01
4.4053e-01
3.5557e-01
3.5745e-01
1.6407e-01
1.6767e-01
4.4401e-01
4.4480e-01
4.4626e-01
4.4753e-01
4.4858e-01
4.4982e-01
4.5155e-01
4.5342e-01
4.5488e-01
4.5556e-01
4.5611e-01
4.5646e-01
3.5306e-01
3.5320e-01
4.4008e-01
4.4047e-01
3.5586e-01
3.5845e-01
1.6907e-01
1.7482e-01
4.4530e-01
4.4627e-01
4.4819e-01
4.4967e-01
4.5046e-01
4.5142e-01
4.5292e-01
4.5498e-01
4.5663e-01
4.5703e-01
4.5712e-01
4.5715e-01
4.3943e-01
4.3961e-01
4.3997e-01
4.4059e-01
4.4157e-01
4.4311e-01
1.7612e-01
1.8493e-01
4.4729e-01
4.4864e-01
4.5041e-01
4.5162e-01
4.5227e-01
4.5319e-01
4.5468e-01
4.5652e-01
3.2171e-01
3.2135e-01
3.1987e-01
3.1872e-01
4.3957e-01
4.3986e-01
4.4048e-01
4.4138e-01
4.4260e-01
4.4414e-01
1.8172e-01
1.9246e-01
4.4898e-01
4.5096e-01
4.5261e-01
4.5341e-01
4.5390e-01
4.5501e-01
4.5633e-01
4.5706e-01
3.1888e-01
3.1821e-01
3.1640e-01
3.1516e-01
4.4049e-01
4.4087e-01
4.4172e-01
4.4299e-01
4.4466e-01
4.4594e-01
4.4694e-01
4.4821e-01
4.5030e-01
4.5261e-01
3.8665e-01
3.8819e-01
4.5532e-01
4.5639e-01
3.1536e-01
3.1485e-01
3.1459e-01
3.1333e-01
3.1072e-01
3.0896e-01
4.4198e-01
4.4240e-01
4.4346e-01
4.4508e-01
4.4714e-01
4.4832e-01
4.4873e-01
4.4965e-01
4.5156e-01
4.5351e-01
3.8833e-01
3.8998e-01
4.5611e-01
4.5652e-01
3.0777e-01
3.0755e-01
3.0916e-01
3.0758e-01
3.0222e-01
2.9901e-01
4.4419e-01
4.4463e-01
4.4574e-01
4.4747e-01
4.4936e-01
4.5043e-01
4.5093e-01
4.5170e-01
4.5292e-01
4.5420e-01
4.5543e-01
4.5627e-01
3.9291e-01
3.9219e-01
3.9095e-01
3.9080e-01
3.9162e-01
3.9161e-01
3.9052e-01
3.9003e-01
4.4604e-01
4.4636e-01
4.4719e-01
4.4867e-01
4.5024e-01
4.5126e-01
4.5211e-01
4.5327e-01
4.5442e-01
4.5524e-01
4.5627e-01
4.5709e-01
3.9442e-01
3.9325e-01
3.9112e-01
3.9025e-01
3.9104e-01
3.9140e-01
3.9069e-01
3.9027e-01
4.4728e-01
4.4740e-01
4.4781e-01
4.4893e-01
4.5027e-01
4.5124e-01
4.5237e-01
4.5411e-01
3.9041e-01
3.9201e-01
3.9348e-01
3.9484e-01
3.2482e-01
3.2170e-01
3.9323e-01
3.9188e-01
3.9203e-01
3.9237e-01
3.0438e-01
3.0258e-01
4.4827e-01
4.4849e-01
4.4889e-01
4.5011e-01
4.5147e-01
4.5203e-01
4.5297e-01
4.5491e-01
3.9243e-01
3.9339e-01
3.9412e-01
3.9487e-01
3.2415e-01
3.2427e-01
3.9456e-01
3.9352e-01
3.9322e-01
3.9329e-01
3.1235e-01
3.1221e-01
4.4911e-01
4.4961e-01
4.5041e-01
4.5187e-01
2.5390e-01
2.5674e-01
4.5397e-01
4.5581e-01
3.1417e-01
3.1624e-01
3.1813e-01
3.2034e-01
3.2257e-01
3.2369e-01
3.9482e-01
3.9407e-01
3.9377e-01
3.9370e-01
3.9369e-01
3.9368e-01
4.4955e-01
4.5019e-01
4.5122e-01
4.5259e-01
2.6120e-01
2.6394e-01
4.5448e-01
4.5613e-01
3.1489e-01
3.1624e-01
3.1768e-01
3.1952e-01
3.2163e-01
3.2301e-01
3.9484e-01
3.9424e-01
3.9399e-01
3.9387e-01
3.9377e-01
3.9370e-01
3.3767e-01
3.3840e-01
3.3968e-01
3.4115e-01
3.4279e-01
3.4487e-01
3.4709e-01
3.4837e-01
1.4258e-01
1.4439e-01
3.5201e-01
3.5490e-01
4.4327e-01
4.4559e-01
4.4699e-01
4.4794e-01
4.4874e-01
4.4934e-01
4.4975e-01
4.4995e-01
3.3885e-01
3.3932e-01
3.4038e-01
3.4177e-01
3.4339e-01
3.4519e-01
3.4701e-01
3.4816e-01
1.4214e-01
1.4448e-01
3.5266e-01
3.5574e-01
4.4358e-01
4.4583e-01
4.4711e-01
4.4799e-01
4.4890e-01
4.4958e-01
4.4998e-01
4.5016e-01
3.4084e-01
3.4117e-01
1.3108e-01
1.3337e-01
1.3580e-01
1.3768e-01
3.4730e-01
3.4804e-01
3.4909e-01
3.5092e-01
4.4045e-01
4.4226e-01
4.4453e-01
4.4645e-01
3.7045e-01
3.7226e-01
4.4930e-01
4.5014e-01
4.5052e-01
4.5068e-01
3.4288e-01
3.4321e-01
1.3435e-01
1.3705e-01
1.3948e-01
1.4081e-01
3.4867e-01
3.4913e-01
3.5026e-01
3.5230e-01
4.4141e-01
4.4356e-01
4.4572e-01
4.4754e-01
3.7320e-01
3.7475e-01
4.5028e-01
4.5116e-01
4.5151e-01
4.5163e-01
3.4529e-01
3.4557e-01
4.3698e-01
4.3769e-01
4.3840e-01
4.3889e-01
4.3921e-01
4.3958e-01
4.4022e-01
4.4118e-01
4.4282e-01
4.4475e-01
4.4684e-01
4.4882e-01
3.7703e-01
3.7896e-01
4.5198e-01
4.5278e-01
4.5308e-01
4.5316e-01
3.4786e-01
3.4803e-01
4.3800e-01
4.3859e-01
4.3926e-01
4.3987e-01
4.4048e-01
4.4110e-01
4.4189e-01
4.4287e-01
4.4422e-01
4.4582e-01
4.4773e-01
4.4968e-01
3.7974e-01
3.8342e-01
4.5429e-01
4.5494e-01
4.5504e-01
4.5497e-01
4.3888e-01
4.3892e-01
4.3906e-01
4.3942e-01
4.3998e-01
4.4063e-01
4.4141e-01
4.4223e-01
4.4320e-01
4.4426e-01
4.4552e-01
4.4694e-01
4.4860e-01
4.5032e-01
4.5208e-01
4.5426e-01
4.5607e-01
4.5649e-01
4.5646e-01
4.5632e-01
4.3935e-01
4.3952e-01
4.3968e-01
4.3990e-01
4.4027e-01
4.4092e-01
4.4190e-01
4.4295e-01
4.4418e-01
4.4547e-01
4.4683e-01
4.4820e-01
4.4965e-01
4.5108e-01
4.5273e-01
4.5485e-01
4.5640e-01
4.5670e-01
4.5671e-01
4.5666e-01
3.5076e-01
3.5147e-01
4.3981e-01
4.4017e-01
3.5392e-01
3.5539e-01
1.5904e-01
1.6549e-01
4.4501e-01
4.4672e-01
4.4835e-01
4.4982e-01
4.5112e-01
4.5222e-01
4.5344e-01
4.5511e-01
4.5638e-01
4.5661e-01
4.5662e-01
4.5659e-01
3.5084e-01
3.5156e-01
4.4009e-01
4.4071e-01
3.5534e-01
3.5684e-01
1.6251e-01
1.6942e-01
4.4602e-01
4.4812e-01
4.4998e-01
4.5168e-01
4.5302e-01
4.5379e-01
4.5444e-01
4.5523e-01
4.5581e-01
4.5587e-01
4.5579e-01
4.5573e-01
4.3996e-01
4.4028e-01
4.4107e-01
4.4186e-01
4.4250e-01
4.4323e-01
1.6957e-01
1.7651e-01
4.4740e-01
4.4980e-01
4.5167e-01
4.5339e-01
4.5474e-01
4.5520e-01
4.5534e-01
4.5514e-01
2.7998e-01
2.7778e-01
2.7526e-01
2.7355e-01
4.4128e-01
4.4166e-01
4.4244e-01
4.4341e-01
4.4442e-01
4.4516e-01
1.7934e-01
1.8583e-01
4.4888e-01
4.5153e-01
4.5325e-01
4.5458e-01
4.5558e-01
4.5561e-01
4.5518e-01
4.5463e-01
2.7017e-01
2.6729e-01
2.6412e-01
2.6206e-01
4.4266e-01
4.4314e-01
4.4412e-01
4.4547e-01
4.4681e-01
4.4758e-01
4.4802e-01
4.4892e-01
4.5096e-01
4.5313e-01
3.8752e-01
3.8973e-01
4.5607e-01
4.5566e-01
2.7766e-01
2.6891e-01
2.6446e-01
2.6081e-01
2.5600e-01
2.5289e-01
4.4414e-01
4.4473e-01
4.4601e-01
4.4809e-01
4.5001e-01
4.5070e-01
4.5086e-01
4.5163e-01
4.5320e-01
4.5459e-01
3.8992e-01
3.9105e-01
4.5625e-01
4.5570e-01
2.7670e-01
2.6804e-01
2.6415e-01
2.6030e-01
2.5447e-01
2.4992e-01
4.4573e-01
4.4635e-01
4.4777e-01
4.5030e-01
4.5253e-01
4.5307e-01
4.5286e-01
4.5341e-01
4.5476e-01
4.5571e-01
4.5631e-01
4.5643e-01
3.9202e-01
3.9081e-01
3.8913e-01
3.8821e-01
3.8786e-01
3.8724e-01
3.8633e-01
3.8562e-01
4.4702e-01
4.4757e-01
4.4881e-01
4.5101e-01
4.5301e-01
4.5363e-01
4.5358e-01
4.5419e-01
4.5534e-01
4.5595e-01
4.5639e-01
4.5635e-01
3.9117e-01
3.9042e-01
3.9009e-01
3.9001e-01
3.8987e-01
3.8904e-01
3.8777e-01
3.8719e-01
4.4807e-01
4.4854e-01
4.4944e-01
4.5080e-01
4.5209e-01
4.5275e-01
4.5327e-01
4.5436e-01
3.8994e-01
3.9081e-01
3.9136e-01
3.9081e-01
2.8709e-01
2.8510e-01
3.9017e-01
3.9095e-01
3.9094e-01
3.8962e-01
2.7422e-01
2.6900e-01
4.4897e-01
4.4968e-01
4.5054e-01
4.5086e-01
4.5084e-01
4.5121e-01
4.5254e-01
4.5405e-01
3.8858e-01
3.8905e-01
3.8928e-01
3.8897e-01
2.7943e-01
2.8069e-01
3.9015e-01
3.9156e-01
3.9171e-01
3.9044e-01
2.7941e-01
2.7301e-01
4.4970e-01
4.5074e-01
4.5180e-01
4.5148e-01
2.1989e-01
2.1928e-01
4.5210e-01
4.5373e-01
2.6814e-01
2.6853e-01
2.6856e-01
2.6992e-01
2.7301e-01
2.7784e-01
3.9018e-01
3.9195e-01
3.9236e-01
3.9176e-01
3.9063e-01
3.8992e-01
4.5007e-01
4.5113e-01
4.5222e-01
4.5180e-01
2.2091e-01
2.1745e-01
4.5193e-01
4.5361e-01
2.6343e-01
2.6256e-01
2.6198e-01
2.6405e-01
2.6938e-01
2.7569e-01
3.9007e-01
3.9217e-01
3.9276e-01
3.9266e-01
3.9228e-01
3.9205e-01
4.3195e-01
4.3245e-01
4.3324e-01
4.3392e-01
4.3454e-01
4.3529e-01
3.4484e-01
3.4644e-01
4.3800e-01
4.3909e-01
4.4018e-01
4.4197e-01
4.4453e-01
4.4643e-01
4.4751e-01
4.4836e-01
4.4926e-01
4.5002e-01
4.5058e-01
4.5086e-01
4.3237e-01
4.3279e-01
4.3357e-01
4.3433e-01
4.3499e-01
4.3562e-01
3.4517e-01
3.4663e-01
4.3804e-01
4.3927e-01
4.4058e-01
4.4233e-01
4.4475e-01
4.4650e-01
4.4742e-01
4.4830e-01
4.4942e-01
4.5040e-01
4.5106e-01
4.5135e-01
3.3836e-01
3.3917e-01
4.3440e-01
4.3540e-01
4.3615e-01
4.3656e-01
4.3687e-01
4.3739e-01
4.3836e-01
4.3968e-01
4.4150e-01
4.4347e-01
4.4553e-01
4.4688e-01
4.4756e-01
4.4842e-01
4.4985e-01
4.5109e-01
4.5185e-01
4.5216e-01
3.3984e-01
3.4067e-01
4.3527e-01
4.3651e-01
4.3741e-01
4.3782e-01
4.3798e-01
4.3845e-01
4.3943e-01
4.4072e-01
4.4273e-01
4.4485e-01
4.4671e-01
4.4800e-01
4.4877e-01
4.4951e-01
4.5085e-01
4.5205e-01
4.5272e-01
4.5300e-01
3.4178e-01
3.4254e-01
4.3611e-01
4.3740e-01
4.3846e-01
4.3911e-01
4.3958e-01
4.4028e-01
4.4136e-01
4.4261e-01
4.4430e-01
4.4617e-01
4.4797e-01
4.4942e-01
3.7762e-01
3.7954e-01
4.5233e-01
4.5326e-01
4.5374e-01
4.5393e-01
3.4434e-01
3.4493e-01
4.3705e-01
4.3820e-01
4.3927e-01
4.4011e-01
4.4090e-01
4.4184e-01
4.4304e-01
4.4429e-01
4.4572e-01
4.4729e-01
4.4894e-01
4.5039e-01
3.8035e-01
3.8349e-01
4.5415e-01
4.5468e-01
4.5488e-01
4.5493e-01
3.4753e-01
3.4800e-01
4.3819e-01
4.3901e-01
4.3990e-01
4.4077e-01
4.4176e-01
4.4286e-01
4.4418e-01
4.4551e-01
4.4693e-01
4.4837e-01
4.4987e-01
4.5123e-01
4.5247e-01
4.5411e-01
2.8819e-01
2.9073e-01
3.9008e-01
3.9008e-01
3.4941e-01
3.5011e-01
4.3914e-01
4.3970e-01
4.4027e-01
4.4110e-01
4.4225e-01
4.4354e-01
4.4508e-01
4.4659e-01
4.4812e-01
4.4956e-01
4.5094e-01
4.5209e-01
4.5318e-01
4.5447e-01
2.8748e-01
2.8775e-01
3.8928e-01
3.8911e-01
4.3855e-01
4.3900e-01
4.3985e-01
4.4039e-01
4.4069e-01
4.4146e-01
4.4277e-01
4.4420e-01
4.4604e-01
4.4784e-01
4.4949e-01
4.5097e-01
4.5224e-01
4.5307e-01
4.5374e-01
4.5445e-01
2.8110e-01
2.7967e-01
2.7679e-01
2.7479e-01
4.3920e-01
4.3963e-01
4.4063e-01
4.4134e-01
4.4171e-01
4.4253e-01
4.4387e-01
4.4525e-01
4.4722e-01
4.4922e-01
4.5093e-01
4.5252e-01
4.5376e-01
4.5423e-01
4.5434e-01
4.5411e-01
2.6548e-01
2.6275e-01
2.5981e-01
2.5850e-01
4.4063e-01
4.4103e-01
4.4189e-01
4.4275e-01
4.4352e-01
4.4443e-01
4.4548e-01
4.4667e-01
4.4864e-01
4.5067e-01
4.5227e-01
4.5378e-01
3.8853e-01
3.8884e-01
3.8792e-01
3.8538e-01
2.4679e-01
2.4223e-01
2.3915e-01
2.3756e-01
4.4217e-01
4.4258e-01
4.4339e-01
4.4436e-01
4.4541e-01
4.4630e-01
4.4703e-01
4.4806e-01
4.5008e-01
4.5203e-01
4.5327e-01
4.5427e-01
3.8859e-01
3.8783e-01
3.8590e-01
3.8344e-01
2.3747e-01
2.3286e-01
2.2992e-01
2.2807e-01
4.4365e-01
4.4415e-01
4.4508e-01
4.4628e-01
4.4747e-01
4.4830e-01
4.4904e-01
4.5014e-01
4.5183e-01
4.5323e-01
3.8629e-01
3.8742e-01
2.7727e-01
2.6697e-01
2.5022e-01
2.3984e-01
2.3378e-01
2.3029e-01
3.7928e-01
3.7892e-01
4.4507e-01
4.4568e-01
4.4686e-01
4.4864e-01
4.5017e-01
4.5070e-01
4.5110e-01
4.5216e-01
4.5352e-01
4.5424e-01
3.8761e-01
3.8766e-01
2.7451e-01
2.6489e-01
2.4953e-01
2.4051e-01
2.3632e-01
2.3378e-01
3.8014e-01
3.7977e-01
4.4641e-01
4.4708e-01
4.4838e-01
4.5048e-01
2.4143e-01
2.4471e-01
4.5239e-01
4.5328e-01
3.8748e-01
3.8836e-01
2.8003e-01
2.7640e-01
2.7106e-01
2.6405e-01
2.5577e-01
2.5093e-01
2.4832e-01
2.4585e-01
2.4339e-01
2.4179e-01
4.4745e-01
4.4804e-01
4.4918e-01
4.5096e-01
2.4491e-01
2.4908e-01
4.5277e-01
4.5344e-01
3.8693e-01
3.8744e-01
2.7490e-01
2.7031e-01
2.6262e-01
2.5888e-01
2.5943e-01
2.6077e-01
2.5971e-01
2.5519e-01
2.4917e-01
2.4672e-01
4.4829e-01
4.4875e-01
4.4958e-01
4.5071e-01
4.5168e-01
4.5215e-01
4.5257e-01
4.5318e-01
2.6229e-01
2.6399e-01
2.6446e-01
2.5890e-01
2.5028e-01
2.4950e-01
2.5754e-01
2.6449e-01
2.6471e-01
2.5757e-01
2.4708e-01
2.4216e-01
4.4897e-01
4.4953e-01
4.5018e-01
4.5034e-01
4.5037e-01
4.5089e-01
4.5191e-01
4.5259e-01
2.4977e-01
2.5051e-01
2.5067e-01
2.4738e-01
2.4249e-01
2.4444e-01
2.5636e-01
2.6682e-01
2.6834e-01
2.6181e-01
2.5090e-01
2.4458e-01
4.4950e-01
4.5018e-01
2.2524e-01
2.1984e-01
4.4948e-01
4.4979e-01
3.7969e-01
3.8133e-01
2.3545e-01
2.3499e-01
3.8091e-01
3.8118e-01
2.3836e-01
2.4296e-01
2.5669e-01
2.6891e-01
2.7200e-01
2.6902e-01
2.6282e-01
2.5866e-01
4.4974e-01
4.5035e-01
2.2678e-01
2.2038e-01
4.4930e-01
4.4937e-01
3.7884e-01
3.8058e-01
2.2935e-01
2.2806e-01
3.7969e-01
3.8040e-01
2.3675e-01
2.4202e-01
2.5675e-01
2.7042e-01
2.7443e-01
2.7397e-01
2.7165e-01
2.7041e-01
4.3236e-01
4.3325e-01
4.3451e-01
4.3520e-01
4.3540e-01
4.3541e-01
3.4341e-01
3.4507e-01
4.3804e-01
4.3995e-01
4.4181e-01
4.4418e-01
4.4650e-01
4.4759e-01
4.4804e-01
4.4864e-01
4.4952e-01
4.5032e-01
4.5093e-01
4.5122e-01
4.3216e-01
4.3301e-01
4.3438e-01
4.3533e-01
4.3574e-01
4.3591e-01
3.4463e-01
3.4613e-01
4.3843e-01
4.4030e-01
4.4213e-01
4.4430e-01
4.4649e-01
4.4764e-01
4.4816e-01
4.4881e-01
4.4982e-01
4.5088e-01
4.5173e-01
4.5205e-01
3.3610e-01
3.3766e-01
4.3422e-01
4.3560e-01
4.3645e-01
4.3694e-01
4.3735e-01
4.3810e-01
4.3953e-01
4.4112e-01
4.4285e-01
4.4477e-01
4.4662e-01
4.4776e-01
4.4845e-01
4.4928e-01
4.5046e-01
4.5177e-01
4.5285e-01
4.5321e-01
3.3664e-01
3.3804e-01
4.3451e-01
4.3629e-01
4.3762e-01
4.3835e-01
4.3891e-01
4.3983e-01
4.4118e-01
4.4249e-01
4.4399e-01
4.4582e-01
4.4758e-01
4.4863e-01
4.4937e-01
4.5034e-01
4.5164e-01
4.5277e-01
4.5361e-01
4.5395e-01
3.3806e-01
3.3940e-01
4.3522e-01
4.3725e-01
4.3892e-01
4.3978e-01
4.4038e-01
4.4146e-01
4.4300e-01
4.4420e-01
4.4540e-01
4.4715e-01
4.4898e-01
4.4994e-01
3.7781e-01
3.8000e-01
4.5268e-01
4.5355e-01
4.5410e-01
4.5438e-01
3.4013e-01
3.4138e-01
4.3607e-01
4.3798e-01
4.3960e-01
4.4061e-01
4.4139e-01
4.4256e-01
4.4416e-01
4.4545e-01
4.4659e-01
4.4811e-01
4.4978e-01
4.5086e-01
3.8016e-01
3.8147e-01
4.5272e-01
4.5330e-01
4.5389e-01
4.5428e-01
3.4301e-01
3.4415e-01
4.3718e-01
4.3869e-01
4.3997e-01
4.4103e-01
4.4208e-01
4.4333e-01
4.4485e-01
4.4625e-01
4.4759e-01
4.4899e-01
4.5043e-01
4.5170e-01
4.5254e-01
4.5257e-01
2.4371e-01
2.4541e-01
3.8425e-01
3.8547e-01
3.4678e-01
3.4778e-01
4.3868e-01
4.3977e-01
4.4061e-01
4.4158e-01
4.4281e-01
4.4414e-01
4.4565e-01
4.4714e-01
4.4866e-01
4.5017e-01
4.5155e-01
4.5259e-01
4.5326e-01
4.5288e-01
2.4018e-01
2.3746e-01
3.8178e-01
3.8252e-01
4.3912e-01
4.3952e-01
4.4044e-01
4.4117e-01
4.4171e-01
4.4269e-01
4.4406e-01
4.4540e-01
4.4688e-01
4.4840e-01
4.4996e-01
4.5152e-01
4.5286e-01
4.5348e-01
4.5370e-01
4.5296e-01
2.3673e-01
2.3077e-01
2.2891e-01
2.2855e-01
4.4045e-01
4.4087e-01
4.4161e-01
4.4230e-01
4.4304e-01
4.4445e-01
4.4620e-01
4.4739e-01
4.4849e-01
4.4990e-01
4.5143e-01
4.5269e-01
4.5361e-01
4.5389e-01
4.5381e-01
4.5282e-01
2.3198e-01
2.2437e-01
2.2097e-01
2.1953e-01
4.4135e-01
4.4177e-01
4.4250e-01
4.4337e-01
4.4451e-01
4.4642e-01
4.4848e-01
4.4953e-01
4.5024e-01
4.5139e-01
4.5271e-01
4.5346e-01
3.8604e-01
3.8602e-01
3.8524e-01
3.8264e-01
2.2774e-01
2.2006e-01
2.1667e-01
2.1504e-01
4.4247e-01
4.4288e-01
4.4365e-01
4.4462e-01
4.4589e-01
4.4768e-01
4.4959e-01
4.5086e-01
4.5180e-01
4.5259e-01
4.5322e-01
4.5333e-01
3.8448e-01
3.8392e-01
3.8295e-01
3.8110e-01
2.2520e-01
2.2018e-01
2.1885e-01
2.1803e-01
4.4386e-01
4.4433e-01
4.4517e-01
4.4614e-01
4.4723e-01
4.4851e-01
4.5004e-01
4.5167e-01
4.5302e-01
4.5344e-01
3.8484e-01
3.8369e-01
2.4233e-01
2.3672e-01
2.3179e-01
2.2746e-01
2.2347e-01
2.2266e-01
3.7895e-01
3.7940e-01
4.4522e-01
4.4588e-01
4.4690e-01
4.4776e-01
4.4841e-01
4.4905e-01
4.5027e-01
4.5208e-01
4.5340e-01
4.5345e-01
3.8395e-01
3.8253e-01
2.3606e-01
2.3058e-01
2.2664e-01
2.2458e-01
2.2371e-01
2.2476e-01
3.7976e-01
3.8059e-01
4.4647e-01
4.4728e-01
4.4844e-01
4.4901e-01
2.0702e-01
2.0888e-01
4.5042e-01
4.5219e-01
3.8444e-01
3.8385e-01
2.4261e-01
2.3649e-01
2.3178e-01
2.2861e-01
2.2691e-01
2.2643e-01
2.2645e-01
2.2682e-01
2.2866e-01
2.3066e-01
4.4740e-01
4.4807e-01
4.4906e-01
4.4954e-01
2.1111e-01
2.1320e-01
4.5085e-01
4.5204e-01
3.8245e-01
3.8188e-01
2.3509e-01
2.3101e-01
2.2824e-01
2.2736e-01
2.2823e-01
2.2921e-01
2.2937e-01
2.2849e-01
2.2773e-01
2.2749e-01
4.4812e-01
4.4848e-01
4.4910e-01
4.4974e-01
4.5027e-01
4.5077e-01
4.5168e-01
4.5188e-01
2.3161e-01
2.2943e-01
2.2842e-01
2.2683e-01
2.2569e-01
2.2653e-01
2.2932e-01
2.3139e-01
2.3156e-01
2.2980e-01
2.2777e-01
2.2658e-01
4.4864e-01
4.4867e-01
4.4879e-01
4.4933e-01
4.5037e-01
4.5120e-01
4.5171e-01
4.5147e-01
2.2429e-01
2.2293e-01
2.2490e-01
2.2566e-01
2.2562e-01
2.2708e-01
2.3060e-01
2.3326e-01
2.3354e-01
2.3177e-01
2.2957e-01
2.2815e-01
4.4899e-01
4.4872e-01
2.0060e-01
2.0257e-01
4.4978e-01
4.5076e-01
3.7903e-01
3.7832e-01
2.1814e-01
2.1948e-01
3.7908e-01
3.7987e-01
2.2869e-01
2.2889e-01
2.3215e-01
2.3499e-01
2.3556e-01
2.3444e-01
2.3292e-01
2.3175e-01
4.4913e-01
4.4873e-01
1.9929e-01
1.9948e-01
4.4942e-01
4.5046e-01
3.7793e-01
3.7719e-01
2.1501e-01
2.1796e-01
3.7948e-01
3.8079e-01
2.3180e-01
2.3019e-01
2.3281e-01
2.3565e-01
2.3634e-01
2.3573e-01
2.3485e-01
2.3411e-01
4.3210e-01
4.3296e-01
3.4050e-01
3.4205e-01
4.3539e-01
4.3569e-01
4.3593e-01
4.3679e-01
4.3852e-01
4.4030e-01
4.4208e-01
4.4426e-01
3.6727e-01
3.6906e-01
4.4746e-01
4.4841e-01
4.4947e-01
4.5021e-01
4.5069e-01
4.5090e-01
4.3185e-01
4.3272e-01
3.4029e-01
3.4228e-01
4.3568e-01
4.3616e-01
4.3653e-01
4.3735e-01
4.3899e-01
4.4071e-01
4.4242e-01
4.4442e-01
3.6745e-01
3.6946e-01
4.4766e-01
4.4859e-01
4.4969e-01
4.5064e-01
4.5133e-01
4.5154e-01
4.3159e-01
4.3241e-01
4.3388e-01
4.3522e-01
4.3628e-01
4.3708e-01
4.3779e-01
4.3870e-01
4.4009e-01
4.4153e-01
4.4308e-01
4.4481e-01
4.4639e-01
4.4730e-01
4.4802e-01
4.4897e-01
4.5010e-01
4.5122e-01
3.8164e-01
3.8225e-01
4.3182e-01
4.3256e-01
4.3415e-01
4.3588e-01
4.3731e-01
4.3827e-01
4.3917e-01
4.4026e-01
4.4156e-01
4.4272e-01
4.4403e-01
4.4569e-01
4.4723e-01
4.4804e-01
4.4867e-01
4.4961e-01
4.5072e-01
4.5160e-01
3.8211e-01
3.8271e-01
4.3247e-01
4.3321e-01
4.3483e-01
4.3677e-01
3.4962e-01
3.5179e-01
4.4033e-01
4.4160e-01
1.6341e-01
1.6908e-01
4.4517e-01
4.4683e-01
3.7253e-01
3.7406e-01
3.7500e-01
3.7686e-01
2.2884e-01
2.3659e-01
2.4240e-01
2.4551e-01
4.3336e-01
4.3405e-01
4.3559e-01
4.3740e-01
3.5081e-01
3.5314e-01
4.4108e-01
4.4245e-01
1.6833e-01
1.7533e-01
4.4626e-01
4.4774e-01
3.7418e-01
3.7579e-01
3.7657e-01
3.7711e-01
2.2310e-01
2.2864e-01
2.3509e-01
2.3939e-01
4.3461e-01
4.3522e-01
4.3659e-01
4.3806e-01
4.3934e-01
4.4046e-01
4.4173e-01
4.4313e-01
4.4462e-01
4.4602e-01
4.4745e-01
4.4873e-01
4.4974e-01
4.5044e-01
2.2523e-01
2.2068e-01
2.1513e-01
2.1638e-01
2.2306e-01
2.2832e-01
4.3642e-01
4.3690e-01
4.3805e-01
4.3914e-01
4.4010e-01
4.4122e-01
4.4258e-01
4.4400e-01
4.4555e-01
4.4712e-01
4.4864e-01
4.4994e-01
4.5091e-01
4.5130e-01
2.3210e-01
2.2360e-01
2.1240e-01
2.0959e-01
2.1295e-01
2.1636e-01
3.4980e-01
3.5068e-01
3.5251e-01
3.5421e-01
4.4127e-01
4.4247e-01
4.4394e-01
4.4531e-01
4.4679e-01
4.4833e-01
4.4980e-01
4.5108e-01
3.8135e-01
3.8153e-01
2.3723e-01
2.2660e-01
2.1280e-01
2.0728e-01
2.0662e-01
2.0692e-01
3.5253e-01
3.5341e-01
3.5493e-01
3.5663e-01
4.4258e-01
4.4427e-01
4.4605e-01
4.4717e-01
4.4825e-01
4.4963e-01
4.5096e-01
4.5175e-01
3.8189e-01
3.8179e-01
2.3835e-01
2.2818e-01
2.1446e-01
2.0813e-01
2.0601e-01
2.0502e-01
4.4076e-01
4.4115e-01
4.4186e-01
4.4278e-01
4.4411e-01
4.4615e-01
1.9825e-01
2.0613e-01
4.4963e-01
4.5076e-01
3.8094e-01
3.8153e-01
2.3926e-01
2.3819e-01
2.3541e-01
2.2731e-01
2.1647e-01
2.1123e-01
1.4011e-01
1.3919e-01
4.4206e-01
4.4245e-01
4.4321e-01
4.4423e-01
4.4557e-01
4.4730e-01
2.0621e-01
2.1636e-01
4.5073e-01
4.5136e-01
3.8087e-01
3.8058e-01
2.3191e-01
2.3051e-01
2.2877e-01
2.2426e-01
2.1782e-01
2.1509e-01
1.4547e-01
1.4528e-01
4.4347e-01
4.4390e-01
4.4468e-01
4.4564e-01
4.4677e-01
4.4802e-01
4.4934e-01
4.5060e-01
2.3460e-01
2.3596e-01
2.3325e-01
2.2827e-01
2.2291e-01
2.2118e-01
2.2102e-01
2.2018e-01
1.4901e-01
1.4932e-01
1.5220e-01
1.5422e-01
4.4478e-01
4.4534e-01
4.4618e-01
4.4681e-01
4.4743e-01
4.4822e-01
4.4944e-01
4.5082e-01
2.3505e-01
2.3348e-01
2.2836e-01
2.2340e-01
2.1901e-01
2.1793e-01
2.1872e-01
2.1941e-01
1.5012e-01
1.5138e-01
1.5495e-01
1.5799e-01
4.4598e-01
4.4662e-01
3.7037e-01
3.7095e-01
3.7105e-01
3.7209e-01
4.4936e-01
4.5071e-01
2.3052e-01
2.2739e-01
2.2177e-01
2.1890e-01
2.1808e-01
2.1864e-01
2.1999e-01
2.2099e-01
1.5180e-01
1.5241e-01
1.5374e-01
1.5489e-01
4.4693e-01
4.4741e-01
3.7186e-01
3.7227e-01
3.7210e-01
3.7299e-01
4.4963e-01
4.5046e-01
2.2291e-01
2.2089e-01
2.1800e-01
2.1754e-01
2.1882e-01
2.2044e-01
2.2205e-01
2.2298e-01
1.5349e-01
1.5355e-01
1.5368e-01
1.5369e-01
4.4777e-01
4.4799e-01
4.4836e-01
4.4872e-01
3.7434e-01
3.7548e-01
2.1843e-01
2.1896e-01
2.1492e-01
2.1454e-01
2.1617e-01
2.1826e-01
2.2059e-01
2.2261e-01
1.5438e-01
1.5512e-01
1.5523e-01
1.5503e-01
1.5490e-01
1.5480e-01
4.4849e-01
4.4834e-01
4.4826e-01
4.4868e-01
3.7541e-01
3.7675e-01
2.1914e-01
2.1592e-01
2.1071e-01
2.1201e-01
2.1698e-01
2.2068e-01
2.2288e-01
2.2460e-01
1.5613e-01
1.5677e-01
1.5675e-01
1.5645e-01
1.5624e-01
1.5612e-01
4.4900e-01
4.4849e-01
3.7163e-01
3.7220e-01
3.7473e-01
3.7632e-01
3.7609e-01
3.7528e-01
2.0790e-01
2.1199e-01
2.2072e-01
2.2557e-01
1.5592e-01
1.5632e-01
1.5749e-01
1.5812e-01
2.2797e-01
2.2765e-01
2.2740e-01
2.2718e-01
4.4919e-01
4.4855e-01
3.7130e-01
3.7149e-01
3.7417e-01
3.7597e-01
3.7536e-01
3.7454e-01
2.0654e-01
2.1202e-01
2.2329e-01
2.2931e-01
1.5795e-01
1.5705e-01
1.5798e-01
1.5860e-01
2.2839e-01
2.2808e-01
2.2781e-01
2.2754e-01
4.3137e-01
4.3174e-01
3.3688e-01
3.3890e-01
4.3494e-01
4.3627e-01
4.3715e-01
4.3798e-01
4.3905e-01
4.4019e-01
4.4144e-01
4.4276e-01
3.6193e-01
3.6377e-01
4.4599e-01
4.4793e-01
4.4945e-01
4.5000e-01
4.5019e-01
4.5026e-01
4.3151e-01
4.3194e-01
3.3747e-01
3.3947e-01
4.3518e-01
4.3657e-01
4.3755e-01
4.3844e-01
4.3951e-01
4.4062e-01
4.4188e-01
4.4328e-01
3.6328e-01
3.6494e-01
4.4631e-01
4.4807e-01
4.4953e-01
4.5008e-01
4.5022e-01
4.5024e-01
4.3181e-01
4.3235e-01
4.3326e-01
4.3437e-01
4.3579e-01
4.3713e-01
4.3828e-01
4.3927e-01
4.4030e-01
4.4135e-01
4.4260e-01
4.4409e-01
4.4543e-01
4.4614e-01
4.4695e-01
4.4829e-01
4.4958e-01
4.5007e-01
3.7694e-01
3.7690e-01
4.3236e-01
4.3295e-01
4.3401e-01
4.3516e-01
4.3637e-01
4.3770e-01
4.3917e-01
4.4026e-01
4.4112e-01
4.4206e-01
4.4334e-01
4.4478e-01
4.4604e-01
4.4679e-01
4.4743e-01
4.4830e-01
4.4919e-01
4.4961e-01
3.7592e-01
3.7598e-01
4.3311e-01
4.3370e-01
4.3474e-01
4.3580e-01
3.4607e-01
3.4895e-01
4.3994e-01
4.4121e-01
1.5745e-01
1.6182e-01
4.4412e-01
4.4543e-01
3.6753e-01
3.6907e-01
3.7076e-01
3.7209e-01
2.0176e-01
2.0433e-01
2.0638e-01
2.0720e-01
4.3395e-01
4.3449e-01
4.3544e-01
4.3640e-01
3.4711e-01
3.4972e-01
4.4035e-01
4.4185e-01
1.6157e-01
1.6722e-01
4.4540e-01
4.4663e-01
3.6948e-01
3.7016e-01
3.7112e-01
3.7179e-01
1.9839e-01
1.9993e-01
2.0199e-01
2.0295e-01
4.3490e-01
4.3536e-01
4.3620e-01
4.3712e-01
4.3806e-01
4.3923e-01
4.4091e-01
4.4248e-01
4.4380e-01
4.4538e-01
4.4725e-01
4.4828e-01
4.4857e-01
4.4836e-01
1.9738e-01
1.9622e-01
1.9608e-01
1.9701e-01
1.9866e-01
1.9937e-01
4.3581e-01
4.3620e-01
4.3693e-01
4.3783e-01
4.3897e-01
4.4027e-01
4.4178e-01
4.4333e-01
4.4500e-01
4.4691e-01
4.4867e-01
4.4949e-01
4.4971e-01
4.4923e-01
2.0117e-01
1.9758e-01
1.9617e-01
1.9637e-01
1.9704e-01
1.9706e-01
3.4582e-01
3.4656e-01
3.4796e-01
3.4991e-01
4.3990e-01
4.4143e-01
4.4293e-01
4.4443e-01
4.4613e-01
4.4804e-01
4.4966e-01
4.5025e-01
3.7723e-01
3.7597e-01
2.0591e-01
2.0136e-01
1.9891e-01
1.9827e-01
1.9810e-01
1.9756e-01
3.4806e-01
3.4870e-01
3.5009e-01
3.5213e-01
4.4110e-01
4.4278e-01
4.4416e-01
4.4555e-01
4.4727e-01
4.4892e-01
4.5010e-01
4.5040e-01
3.7712e-01
3.7623e-01
2.0937e-01
2.0558e-01
2.0327e-01
2.0251e-01
2.0221e-01
2.0160e-01
4.3943e-01
4.3975e-01
4.4047e-01
4.4148e-01
4.4293e-01
4.4429e-01
1.7671e-01
1.8451e-01
4.4814e-01
4.4953e-01
3.7691e-01
3.7689e-01
2.1412e-01
2.1255e-01
2.1146e-01
2.0989e-01
2.0863e-01
2.0820e-01
1.3896e-01
1.3860e-01
4.4126e-01
4.4165e-01
4.4245e-01
4.4362e-01
4.4498e-01
4.4594e-01
1.8529e-01
1.9066e-01
4.4847e-01
4.4941e-01
3.7588e-01
3.7577e-01
2.1069e-01
2.1096e-01
2.1244e-01
2.1302e-01
2.1302e-01
2.1290e-01
1.4345e-01
1.4318e-01
4.4277e-01
4.4314e-01
4.4391e-01
4.4516e-01
4.4660e-01
4.4754e-01
4.4817e-01
4.4851e-01
2.0389e-01
2.0586e-01
2.0719e-01
2.0781e-01
2.0871e-01
2.1097e-01
2.1388e-01
2.1564e-01
1.4685e-01
1.4689e-01
1.4665e-01
1.4613e-01
4.4403e-01
4.4428e-01
4.4479e-01
4.4578e-01
4.4707e-01
4.4812e-01
4.4910e-01
4.4939e-01
2.0661e-01
2.0527e-01
2.0601e-01
2.0754e-01
2.1004e-01
2.1318e-01
2.1625e-01
2.1798e-01
1.4902e-01
1.4901e-01
1.4861e-01
1.4784e-01
4.4520e-01
4.4524e-01
3.6548e-01
3.6690e-01
3.6927e-01
3.7174e-01
4.4919e-01
4.4960e-01
2.0799e-01
2.0645e-01
2.0801e-01
2.1067e-01
2.1392e-01
2.1691e-01
2.1932e-01
2.2047e-01
1.5100e-01
1.5085e-01
1.5049e-01
1.4983e-01
4.4624e-01
4.4629e-01
3.6776e-01
3.6830e-01
3.6963e-01
3.7141e-01
4.4881e-01
4.4923e-01
2.0657e-01
2.0706e-01
2.1037e-01
2.1411e-01
2.1766e-01
2.2031e-01
2.2211e-01
2.2278e-01
1.5295e-01
1.5276e-01
1.5259e-01
1.5231e-01
4.4734e-01
4.4749e-01
4.4769e-01
4.4765e-01
3.7090e-01
3.7149e-01
1.9908e-01
2.0132e-01
2.0317e-01
2.0676e-01
2.1216e-01
2.1690e-01
2.2064e-01
2.2307e-01
1.5466e-01
1.5509e-01
1.5498e-01
1.5478e-01
1.5468e-01
1.5463e-01
4.4861e-01
4.4844e-01
4.4828e-01
4.4812e-01
3.7170e-01
3.7171e-01
1.9722e-01
1.9804e-01
2.0087e-01
2.0642e-01
2.1340e-01
2.1878e-01
2.2258e-01
2.2492e-01
1.5634e-01
1.5677e-01
1.5670e-01
1.5649e-01
1.5634e-01
1.5628e-01
4.4967e-01
4.4906e-01
3.7222e-01
3.7139e-01
3.7159e-01
3.7186e-01
3.7186e-01
3.7207e-01
2.0050e-01
2.0664e-01
2.1451e-01
2.2009e-01
1.5385e-01
1.5605e-01
1.5747e-01
1.5803e-01
2.2805e-01
2.2788e-01
2.2767e-01
2.2756e-01
4.4996e-01
4.4929e-01
3.7213e-01
3.7091e-01
3.7138e-01
3.7194e-01
3.7200e-01
3.7220e-01
2.0069e-01
2.0671e-01
2.1482e-01
2.2034e-01
1.5387e-01
1.5620e-01
1.5788e-01
1.5858e-01
2.2871e-01
2.2863e-01
2.2839e-01
2.2827e-01
4.3031e-01
4.3073e-01
4.3161e-01
4.3323e-01
4.3538e-01
4.3691e-01
4.3774e-01
4.3829e-01
4.3891e-01
4.3957e-01
4.4034e-01
4.4112e-01
1.5776e-01
1.6283e-01
4.4453e-01
4.4634e-01
1.9320e-01
1.9571e-01
3.7124e-01
3.7141e-01
4.3064e-01
4.3110e-01
4.3199e-01
4.3344e-01
4.3548e-01
4.3709e-01
4.3811e-01
4.3881e-01
4.3948e-01
4.4014e-01
4.4092e-01
4.4184e-01
1.6198e-01
1.6620e-01
4.4489e-01
4.4650e-01
1.9378e-01
1.9577e-01
3.7101e-01
3.7108e-01
4.3126e-01
4.3182e-01
4.3281e-01
4.3411e-01
4.3576e-01
4.3731e-01
4.3860e-01
4.3951e-01
4.4027e-01
4.4097e-01
4.4180e-01
4.4291e-01
3.6221e-01
3.6378e-01
4.4554e-01
4.4673e-01
1.9423e-01
1.9553e-01
1.9458e-01
1.9417e-01
4.3207e-01
4.3271e-01
4.3375e-01
4.3480e-01
4.3595e-01
4.3741e-01
4.3898e-01
4.4002e-01
4.4078e-01
4.4160e-01
4.4260e-01
4.4366e-01
3.6369e-01
3.6523e-01
4.4593e-01
4.4670e-01
1.9201e-01
1.9378e-01
1.9372e-01
1.9360e-01
4.3298e-01
4.3363e-01
4.3460e-01
4.3535e-01
4.3603e-01
4.3737e-01
3.5142e-01
3.5396e-01
4.4109e-01
4.4208e-01
4.4339e-01
4.4431e-01
4.4481e-01
4.4535e-01
1.8171e-01
1.8580e-01
1.8890e-01
1.9097e-01
1.9245e-01
1.9294e-01
4.3384e-01
4.3439e-01
4.3522e-01
4.3585e-01
4.3636e-01
4.3750e-01
3.5175e-01
3.5483e-01
4.4174e-01
4.4306e-01
4.4466e-01
4.4550e-01
4.4568e-01
4.4585e-01
1.8336e-01
1.8648e-01
1.8903e-01
1.9086e-01
1.9231e-01
1.9271e-01
4.3472e-01
4.3511e-01
4.3575e-01
4.3639e-01
4.3709e-01
4.3819e-01
4.3984e-01
4.4145e-01
4.4297e-01
4.4467e-01
3.6754e-01
3.6913e-01
3.6939e-01
3.6891e-01
3.6849e-01
3.6899e-01
1.9046e-01
1.9201e-01
1.9269e-01
1.9263e-01
4.3551e-01
4.3575e-01
4.3621e-01
4.3689e-01
4.3790e-01
4.3914e-01
4.4069e-01
4.4237e-01
4.4415e-01
4.4593e-01
3.7003e-01
3.7111e-01
3.7127e-01
3.7061e-01
3.6968e-01
3.6979e-01
1.9248e-01
1.9361e-01
1.9362e-01
1.9315e-01
4.3625e-01
4.3643e-01
4.3683e-01
4.3757e-01
4.3887e-01
4.4028e-01
4.4176e-01
4.4336e-01
4.4509e-01
4.4675e-01
1.9733e-01
1.9992e-01
1.9946e-01
1.9732e-01
1.9484e-01
1.9488e-01
1.9619e-01
1.9679e-01
1.9640e-01
1.9576e-01
4.3727e-01
4.3749e-01
4.3801e-01
4.3883e-01
4.4024e-01
4.4160e-01
4.4281e-01
4.4426e-01
4.4593e-01
4.4725e-01
1.9894e-01
2.0113e-01
2.0101e-01
2.0067e-01
2.0027e-01
2.0100e-01
2.0217e-01
2.0247e-01
2.0187e-01
2.0107e-01
4.3889e-01
4.3927e-01
4.3999e-01
4.4093e-01
4.4214e-01
4.4309e-01
4.4381e-01
4.4497e-01
1.8567e-01
1.9383e-01
1.9822e-01
2.0023e-01
2.0137e-01
2.0354e-01
2.0629e-01
2.0836e-01
1.4035e-01
1.4028e-01
2.0860e-01
2.0768e-01
4.4050e-01
4.4098e-01
4.4185e-01
4.4296e-01
4.4412e-01
4.4476e-01
4.4513e-01
4.4574e-01
1.8746e-01
1.9344e-01
1.9676e-01
1.9931e-01
2.0216e-01
2.0645e-01
2.1111e-01
2.1394e-01
1.4556e-01
1.4501e-01
2.1303e-01
2.1193e-01
4.4193e-01
4.4236e-01
4.4317e-01
4.4436e-01
3.6592e-01
3.6756e-01
1.8701e-01
1.8878e-01
1.9035e-01
1.9309e-01
1.9626e-01
1.9968e-01
1.3535e-01
1.4055e-01
1.4528e-01
1.4787e-01
1.4855e-01
1.4764e-01
2.1546e-01
2.1422e-01
4.4326e-01
4.4345e-01
4.4390e-01
4.4481e-01
3.6671e-01
3.6879e-01
1.9407e-01
1.9619e-01
1.9511e-01
1.9649e-01
1.9992e-01
2.0386e-01
1.3951e-01
1.4421e-01
1.4799e-01
1.4977e-01
1.4991e-01
1.4902e-01
2.1733e-01
2.1639e-01
4.4453e-01
4.4443e-01
4.4438e-01
4.4488e-01
1.7974e-01
1.8695e-01
1.9584e-01
1.9974e-01
1.9937e-01
2.0168e-01
2.0622e-01
2.1049e-01
1.4515e-01
1.4846e-01
1.5077e-01
1.5149e-01
1.5110e-01
1.5051e-01
1.5011e-01
1.4986e-01
4.4560e-01
4.4549e-01
4.4532e-01
4.4540e-01
1.8046e-01
1.8567e-01
1.9322e-01
1.9830e-01
2.0049e-01
2.0492e-01
2.1088e-01
2.1552e-01
1.4953e-01
1.5196e-01
1.5332e-01
1.5343e-01
1.5286e-01
1.5252e-01
1.5268e-01
1.5290e-01
4.4660e-01
4.4657e-01
1.8531e-01
1.8396e-01
3.6753e-01
3.6811e-01
1.8904e-01
1.9360e-01
1.9892e-01
2.0571e-01
1.4378e-01
1.4892e-01
2.2221e-01
2.2438e-01
1.5554e-01
1.5553e-01
1.5506e-01
1.5483e-01
2.2494e-01
2.2523e-01
4.4757e-01
4.4732e-01
1.8923e-01
1.8705e-01
3.6812e-01
3.6820e-01
1.8748e-01
1.9133e-01
1.9744e-01
2.0538e-01
1.4449e-01
1.5027e-01
2.2387e-01
2.2603e-01
1.5714e-01
1.5725e-01
1.5693e-01
1.5668e-01
2.2665e-01
2.2681e-01
2.0017e-01
1.9583e-01
3.6945e-01
3.6844e-01
1.8523e-01
1.8585e-01
1.2070e-01
1.2379e-01
1.9713e-01
2.0511e-01
2.1417e-01
2.2061e-01
1.5489e-01
1.5710e-01
1.5822e-01
1.5845e-01
1.5824e-01
1.5793e-01
1.5772e-01
1.5771e-01
2.0149e-01
1.9723e-01
3.6942e-01
3.6819e-01
1.8502e-01
1.8613e-01
1.2108e-01
1.2416e-01
1.9719e-01
2.0491e-01
2.1412e-01
2.2075e-01
1.5516e-01
1.5751e-01
1.5871e-01
1.5894e-01
1.5878e-01
1.5844e-01
1.5805e-01
1.5791e-01
4.2884e-01
4.2970e-01
4.3146e-01
4.3408e-01
4.3668e-01
4.3786e-01
4.3803e-01
4.3803e-01
4.3820e-01
4.3847e-01
4.3890e-01
4.3951e-01
1.5033e-01
1.5689e-01
4.4356e-01
4.4447e-01
1.7117e-01
1.7035e-01
3.6278e-01
3.6292e-01
4.2927e-01
4.3009e-01
4.3171e-01
4.3401e-01
4.3645e-01
4.3794e-01
4.3862e-01
4.3893e-01
4.3922e-01
4.3942e-01
4.3969e-01
4.4025e-01
1.5359e-01
1.5934e-01
4.4385e-01
4.4470e-01
1.7222e-01
1.7130e-01
3.6323e-01
3.6339e-01
4.3008e-01
4.3091e-01
4.3236e-01
4.3412e-01
4.3604e-01
4.3777e-01
4.3917e-01
4.3996e-01
4.4048e-01
4.4073e-01
4.4089e-01
4.4138e-01
3.5795e-01
3.6007e-01
4.4438e-01
4.4508e-01
1.7442e-01
1.7407e-01
1.7491e-01
1.7546e-01
4.3115e-01
4.3211e-01
4.3354e-01
4.3473e-01
4.3588e-01
4.3729e-01
4.3881e-01
4.3990e-01
4.4082e-01
4.4150e-01
4.4202e-01
4.4255e-01
3.6026e-01
3.6176e-01
4.4472e-01
4.4532e-01
1.7735e-01
1.7871e-01
1.8108e-01
1.8220e-01
4.3228e-01
4.3335e-01
4.3481e-01
4.3559e-01
4.3599e-01
4.3676e-01
3.4856e-01
3.5114e-01
4.4053e-01
4.4191e-01
4.4302e-01
4.4369e-01
4.4417e-01
4.4453e-01
1.7408e-01
1.7762e-01
1.8112e-01
1.8441e-01
1.8781e-01
1.8947e-01
4.3322e-01
4.3410e-01
4.3532e-01
4.3595e-01
4.3613e-01
4.3663e-01
3.4806e-01
3.5113e-01
4.4098e-01
4.4264e-01
4.4378e-01
4.4439e-01
4.4479e-01
4.4506e-01
1.7677e-01
1.8078e-01
1.8554e-01
1.8894e-01
1.9139e-01
1.9249e-01
4.3426e-01
4.3471e-01
4.3539e-01
4.3590e-01
4.3630e-01
4.3702e-01
4.3835e-01
4.4024e-01
4.4242e-01
4.4378e-01
3.6328e-01
3.6405e-01
3.6471e-01
3.6541e-01
3.6652e-01
3.6813e-01
1.8970e-01
1.9177e-01
1.9227e-01
1.9214e-01
4.3572e-01
4.3575e-01
4.3586e-01
4.3617e-01
4.3679e-01
4.3779e-01
4.3934e-01
4.4143e-01
4.4352e-01
4.4461e-01
3.6447e-01
3.6488e-01
3.6554e-01
3.6636e-01
3.6762e-01
3.6917e-01
1.9212e-01
1.9310e-01
1.9230e-01
1.9133e-01
4.3730e-01
4.3718e-01
4.3700e-01
4.3720e-01
4.3793e-01
4.3901e-01
4.4049e-01
4.4235e-01
4.4420e-01
4.4512e-01
1.7707e-01
1.7871e-01
1.8172e-01
1.8491e-01
1.8865e-01
1.9246e-01
1.9523e-01
1.9576e-01
1.9461e-01
1.9338e-01
4.3817e-01
4.3834e-01
4.3854e-01
4.3896e-01
4.3978e-01
4.4076e-01
4.4195e-01
4.4329e-01
4.4459e-01
4.4533e-01
1.7923e-01
1.8260e-01
1.8767e-01
1.9214e-01
1.9632e-01
1.9989e-01
2.0223e-01
2.0239e-01
2.0088e-01
1.9939e-01
4.3877e-01
4.3936e-01
4.4023e-01
4.4098e-01
4.4181e-01
4.4260e-01
4.4344e-01
4.4419e-01
1.7338e-01
1.7695e-01
1.8116e-01
1.8684e-01
1.9403e-01
2.0050e-01
2.0599e-01
2.0974e-01
1.4240e-01
1.4189e-01
2.0887e-01
2.0692e-01
4.3959e-01
4.4039e-01
4.4153e-01
4.4237e-01
4.4306e-01
4.4367e-01
4.4430e-01
4.4482e-01
1.7580e-01
1.7880e-01
1.8364e-01
1.9015e-01
1.9848e-01
2.0657e-01
2.1307e-01
2.1670e-01
1.4837e-01
1.4703e-01
2.1341e-01
2.1110e-01
4.4084e-01
4.4159e-01
4.4266e-01
4.4335e-01
3.6170e-01
3.6279e-01
1.7361e-01
1.7736e-01
1.8113e-01
1.8474e-01
1.8924e-01
1.9486e-01
1.3388e-01
1.4142e-01
1.4737e-01
1.5035e-01
1.5070e-01
1.4870e-01
2.1481e-01
2.1242e-01
4.4251e-01
4.4292e-01
4.4360e-01
4.4400e-01
3.6270e-01
3.6370e-01
1.7716e-01
1.8262e-01
1.8841e-01
1.9317e-01
1.9765e-01
2.0239e-01
1.3937e-01
1.4519e-01
1.4957e-01
1.5132e-01
1.5078e-01
1.4899e-01
2.1625e-01
2.1465e-01
4.4420e-01
4.4426e-01
4.4444e-01
4.4454e-01
1.7158e-01
1.7429e-01
1.8029e-01
1.8737e-01
1.9495e-01
2.0158e-01
2.0707e-01
2.1140e-01
1.4620e-01
1.4967e-01
1.5192e-01
1.5207e-01
1.5076e-01
1.4977e-01
1.4955e-01
1.4949e-01
4.4527e-01
4.4513e-01
4.4497e-01
4.4486e-01
1.7311e-01
1.7546e-01
1.8127e-01
1.8868e-01
1.9742e-01
2.0597e-01
2.1303e-01
2.1754e-01
1.5116e-01
1.5333e-01
1.5431e-01
1.5371e-01
1.5228e-01
1.5184e-01
1.5272e-01
1.5353e-01
4.4603e-01
4.4569e-01
1.7573e-01
1.7432e-01
3.6462e-01
3.6534e-01
1.8113e-01
1.8766e-01
1.9647e-01
2.0618e-01
1.4564e-01
1.5090e-01
2.2391e-01
2.2572e-01
1.5646e-01
1.5596e-01
1.5497e-01
1.5475e-01
2.2546e-01
2.2630e-01
4.4617e-01
4.4583e-01
1.7661e-01
1.7505e-01
3.6499e-01
3.6568e-01
1.8130e-01
1.8674e-01
1.9480e-01
2.0487e-01
1.4566e-01
1.5193e-01
2.2535e-01
2.2716e-01
1.5794e-01
1.5773e-01
1.5713e-01
1.5688e-01
2.2717e-01
2.2766e-01
1.8016e-01
1.7863e-01
3.6538e-01
3.6509e-01
1.7632e-01
1.7836e-01
1.1600e-01
1.2016e-01
1.9411e-01
2.0388e-01
2.1474e-01
2.2200e-01
1.5615e-01
1.5802e-01
1.5876e-01
1.5868e-01
1.5822e-01
1.5783e-01
1.5770e-01
1.5779e-01
1.7835e-01
1.7722e-01
3.6528e-01
3.6524e-01
1.7671e-01
1.7859e-01
1.1638e-01
1.2058e-01
1.9404e-01
2.0341e-01
2.1443e-01
2.2204e-01
1.5645e-01
1.5839e-01
1.5905e-01
1.5893e-01
1.5846e-01
1.5796e-01
1.5755e-01
1.5737e-01
4.2637e-01
4.2756e-01
4.3000e-01
4.3357e-01
3.4579e-01
3.4784e-01
4.3727e-01
4.3673e-01
4.3648e-01
4.3642e-01
4.3663e-01
4.3735e-01
4.3866e-01
4.4064e-01
1.6089e-01
1.6207e-01
3.5764e-01
3.5626e-01
3.5558e-01
3.5544e-01
4.2691e-01
4.2802e-01
4.3023e-01
4.3333e-01
3.4493e-01
3.4801e-01
4.3809e-01
4.3806e-01
4.3796e-01
4.3777e-01
4.3773e-01
4.3837e-01
4.3968e-01
4.4129e-01
1.6253e-01
1.6383e-01
3.5857e-01
3.5743e-01
3.5705e-01
3.5701e-01
4.2794e-01
4.2906e-01
4.3098e-01
4.3320e-01
4.3544e-01
4.3734e-01
3.5051e-01
3.5184e-01
3.5220e-01
3.5188e-01
4.3923e-01
4.3981e-01
1.5332e-01
1.5930e-01
1.6526e-01
1.6671e-01
1.6452e-01
1.6409e-01
1.6546e-01
1.6626e-01
4.2932e-01
4.3073e-01
4.3266e-01
4.3397e-01
4.3505e-01
4.3658e-01
3.4936e-01
3.5153e-01
3.5290e-01
3.5365e-01
4.4045e-01
4.4103e-01
1.5784e-01
1.6224e-01
1.6688e-01
1.6931e-01
1.7007e-01
1.7352e-01
1.7872e-01
1.8114e-01
4.3072e-01
4.3240e-01
3.4107e-01
3.4257e-01
4.3512e-01
4.3559e-01
4.3672e-01
4.3800e-01
4.3939e-01
4.4052e-01
3.5624e-01
3.5766e-01
3.5917e-01
3.6053e-01
1.6799e-01
1.7207e-01
1.7699e-01
1.8369e-01
1.2402e-01
1.2747e-01
4.3175e-01
4.3313e-01
3.4190e-01
3.4307e-01
4.3503e-01
4.3502e-01
4.3593e-01
4.3766e-01
4.3980e-01
4.4117e-01
3.5749e-01
3.5863e-01
3.5993e-01
3.6128e-01
1.7047e-01
1.7751e-01
1.8563e-01
1.9146e-01
1.2802e-01
1.3063e-01
4.3288e-01
4.3353e-01
4.3437e-01
4.3473e-01
4.3470e-01
4.3507e-01
4.3642e-01
4.3883e-01
3.5600e-01
3.5821e-01
3.5866e-01
3.5915e-01
1.6400e-01
1.6759e-01
1.7382e-01
1.8375e-01
1.2583e-01
1.2824e-01
1.9471e-01
1.9359e-01
4.3479e-01
4.3472e-01
4.3457e-01
4.3453e-01
4.3481e-01
4.3561e-01
4.3728e-01
4.3989e-01
3.5822e-01
3.5995e-01
3.5992e-01
3.6023e-01
1.6666e-01
1.7050e-01
1.7679e-01
1.8599e-01
1.2674e-01
1.2797e-01
1.9160e-01
1.8806e-01
3.4594e-01
3.4528e-01
4.3579e-01
4.3553e-01
4.3591e-01
4.3681e-01
4.3840e-01
4.4069e-01
1.6216e-01
1.6598e-01
1.6661e-01
1.6881e-01
1.7333e-01
1.7784e-01
1.8271e-01
1.8847e-01
1.9364e-01
1.9452e-01
1.9134e-01
1.8840e-01
3.4736e-01
3.4749e-01
4.3736e-01
4.3747e-01
4.3800e-01
4.3882e-01
4.4004e-01
4.4159e-01
1.6365e-01
1.6757e-01
1.7027e-01
1.7618e-01
1.8445e-01
1.9036e-01
1.9458e-01
1.9818e-01
2.0099e-01
2.0116e-01
1.9897e-01
1.9676e-01
4.3733e-01
4.3797e-01
3.5054e-01
3.5192e-01
3.5335e-01
3.5495e-01
3.5688e-01
3.5880e-01
1.6476e-01
1.6837e-01
1.7363e-01
1.8346e-01
1.2777e-01
1.3518e-01
1.3979e-01
1.4282e-01
1.4466e-01
1.4396e-01
1.4132e-01
1.3910e-01
4.3758e-01
4.3856e-01
3.5275e-01
3.5440e-01
3.5573e-01
3.5720e-01
3.5889e-01
3.6047e-01
1.6758e-01
1.7093e-01
1.7678e-01
1.8685e-01
1.3144e-01
1.4107e-01
1.4747e-01
1.5088e-01
1.5201e-01
1.5000e-01
1.4576e-01
1.4300e-01
4.3862e-01
4.3957e-01
3.5494e-01
3.5639e-01
1.5781e-01
1.6100e-01
1.6516e-01
1.6989e-01
1.7493e-01
1.7900e-01
1.8363e-01
1.9057e-01
2.0057e-01
2.1084e-01
1.4956e-01
1.5341e-01
1.5364e-01
1.5026e-01
2.1381e-01
2.0993e-01
4.4043e-01
4.4098e-01
3.5717e-01
3.5829e-01
1.6177e-01
1.6512e-01
1.7043e-01
1.7825e-01
1.8683e-01
1.9226e-01
1.9589e-01
1.9997e-01
2.0618e-01
2.1361e-01
1.5068e-01
1.5304e-01
1.5172e-01
1.4876e-01
2.1428e-01
2.1144e-01
3.5825e-01
3.5859e-01
3.5931e-01
3.6003e-01
1.6544e-01
1.6875e-01
1.7523e-01
1.8596e-01
1.2989e-01
1.3688e-01
1.4058e-01
1.4331e-01
1.4665e-01
1.5023e-01
1.5304e-01
1.5242e-01
2.1879e-01
2.1738e-01
1.4873e-01
1.4923e-01
3.6090e-01
3.6073e-01
3.6071e-01
3.6114e-01
1.6785e-01
1.7097e-01
1.7716e-01
1.8754e-01
1.3208e-01
1.4153e-01
1.4737e-01
1.5060e-01
1.5293e-01
1.5473e-01
1.5551e-01
1.5379e-01
2.2007e-01
2.1950e-01
1.5270e-01
1.5489e-01
1.7159e-01
1.6959e-01
3.6165e-01
3.6179e-01
1.6954e-01
1.7250e-01
1.7716e-01
1.8477e-01
1.9579e-01
2.0752e-01
1.4799e-01
1.5315e-01
1.5560e-01
1.5691e-01
1.5742e-01
1.5646e-01
1.5461e-01
1.5428e-01
1.5599e-01
1.5758e-01
1.7364e-01
1.7183e-01
3.6256e-01
3.6260e-01
1.7130e-01
1.7399e-01
1.7733e-01
1.8239e-01
1.9116e-01
2.0351e-01
1.4684e-01
1.5378e-01
1.5670e-01
1.5796e-01
1.5852e-01
1.5826e-01
1.5752e-01
1.5723e-01
1.5767e-01
1.5827e-01
1.7251e-01
1.7177e-01
1.7105e-01
1.7159e-01
1.7341e-01
1.7562e-01
1.7831e-01
1.8205e-01
1.8938e-01
2.0167e-01
1.4613e-01
1.5403e-01
1.5738e-01
1.5860e-01
1.5900e-01
1.5890e-01
1.5848e-01
1.5807e-01
1.5780e-01
1.5775e-01
1.7174e-01
1.7156e-01
1.7195e-01
1.7303e-01
1.7468e-01
1.7649e-01
1.7903e-01
1.8246e-01
1.8908e-01
2.0098e-01
1.4576e-01
1.5417e-01
1.5777e-01
1.5896e-01
1.5918e-01
1.5898e-01
1.5855e-01
1.5804e-01
1.5752e-01
1.5723e-01
4.2265e-01
4.2408e-01
4.2704e-01
4.3181e-01
3.4420e-01
3.4585e-01
4.3542e-01
4.3406e-01
4.3342e-01
4.3308e-01
4.3312e-01
4.3402e-01
4.3595e-01
4.3911e-01
1.5757e-01
1.5568e-01
3.5201e-01
3.4935e-01
3.4823e-01
3.4802e-01
4.2334e-01
4.2466e-01
4.2735e-01
4.3141e-01
3.4275e-01
3.4591e-01
4.3676e-01
4.3621e-01
4.3565e-01
4.3505e-01
4.3466e-01
4.3577e-01
4.3813e-01
4.4045e-01
1.5902e-01
1.5752e-01
3.5378e-01
3.5150e-01
3.5075e-01
3.5059e-01
4.2462e-01
4.2599e-01
4.2833e-01
4.3107e-01
4.3377e-01
4.3617e-01
3.4902e-01
3.4984e-01
3.4892e-01
3.4738e-01
4.3666e-01
4.3803e-01
1.5300e-01
1.5960e-01
1.6209e-01
1.6075e-01
1.5682e-01
1.5567e-01
1.5719e-01
1.5828e-01
4.2633e-01
4.2837e-01
4.3108e-01
4.3247e-01
4.3321e-01
4.3512e-01
3.4794e-01
3.4987e-01
3.4974e-01
3.4908e-01
4.3790e-01
4.3904e-01
1.5466e-01
1.6056e-01
1.6296e-01
1.6339e-01
1.6361e-01
1.6893e-01
1.7729e-01
1.8089e-01
4.2804e-01
4.3080e-01
3.4046e-01
3.4167e-01
4.3360e-01
4.3366e-01
4.3529e-01
4.3666e-01
4.3752e-01
4.3811e-01
3.5013e-01
3.5170e-01
3.5425e-01
3.5683e-01
1.6205e-01
1.6640e-01
1.7101e-01
1.8221e-01
1.2997e-01
1.3564e-01
4.2911e-01
4.3148e-01
3.4100e-01
3.4205e-01
4.3340e-01
4.3254e-01
4.3361e-01
4.3576e-01
4.3791e-01
4.3890e-01
3.5163e-01
3.5263e-01
3.5438e-01
3.5663e-01
1.6330e-01
1.7355e-01
1.8469e-01
1.9371e-01
1.3453e-01
1.3943e-01
4.3019e-01
4.3132e-01
4.3270e-01
4.3302e-01
4.3228e-01
4.3211e-01
4.3359e-01
4.3675e-01
3.5271e-01
3.5428e-01
3.5375e-01
3.5423e-01
1.5525e-01
1.6001e-01
1.6699e-01
1.8222e-01
1.3306e-01
1.3607e-01
1.9676e-01
1.9283e-01
4.3272e-01
4.3256e-01
4.3212e-01
4.3174e-01
4.3170e-01
4.3230e-01
4.3415e-01
4.3764e-01
3.5497e-01
3.5649e-01
3.5584e-01
3.5616e-01
1.5954e-01
1.6407e-01
1.6949e-01
1.8286e-01
1.3290e-01
1.3500e-01
1.8948e-01
1.7982e-01
3.4302e-01
3.4172e-01
4.3338e-01
4.3250e-01
4.3258e-01
4.3336e-01
4.3512e-01
4.3833e-01
1.5518e-01
1.5939e-01
1.5950e-01
1.6152e-01
1.6632e-01
1.7035e-01
1.7391e-01
1.8071e-01
1.8958e-01
1.9138e-01
1.8391e-01
1.7803e-01
3.4391e-01
3.4351e-01
4.3494e-01
4.3455e-01
4.3482e-01
4.3551e-01
4.3681e-01
4.3915e-01
1.5657e-01
1.6168e-01
1.6417e-01
1.7167e-01
1.8216e-01
1.8768e-01
1.9013e-01
1.9282e-01
1.9591e-01
1.9628e-01
1.9357e-01
1.9086e-01
4.3476e-01
4.3543e-01
3.4484e-01
3.4584e-01
3.4696e-01
3.4825e-01
3.5009e-01
3.5322e-01
1.5743e-01
1.6289e-01
1.6753e-01
1.8161e-01
1.3313e-01
1.4113e-01
1.4340e-01
1.4509e-01
1.4726e-01
1.4687e-01
1.4448e-01
1.4217e-01
4.3416e-01
4.3540e-01
3.4642e-01
3.4844e-01
3.5032e-01
3.5179e-01
3.5328e-01
3.5547e-01
1.6016e-01
1.6496e-01
1.6974e-01
1.8318e-01
1.3495e-01
1.4641e-01
1.5186e-01
1.5484e-01
1.5663e-01
1.5456e-01
1.4894e-01
1.4592e-01
4.3491e-01
4.3615e-01
3.4816e-01
3.5084e-01
1.5098e-01
1.5548e-01
1.5839e-01
1.6254e-01
1.6805e-01
1.7179e-01
1.7479e-01
1.8202e-01
1.9412e-01
2.0793e-01
1.5130e-01
1.5691e-01
1.5788e-01
1.5276e-01
2.1046e-01
2.0404e-01
4.3677e-01
4.3752e-01
3.5017e-01
3.5291e-01
1.5679e-01
1.6294e-01
1.6665e-01
1.7481e-01
1.8520e-01
1.8994e-01
1.9122e-01
1.9366e-01
1.9905e-01
2.0879e-01
1.5148e-01
1.5565e-01
1.5335e-01
1.4877e-01
2.0985e-01
2.0405e-01
3.5047e-01
3.5102e-01
3.5229e-01
3.5477e-01
1.6082e-01
1.6693e-01
1.7172e-01
1.8571e-01
1.3645e-01
1.4356e-01
1.4410e-01
1.4472e-01
1.4698e-01
1.5052e-01
1.5490e-01
1.5309e-01
2.1394e-01
2.1230e-01
1.4794e-01
1.4945e-01
3.5417e-01
3.5395e-01
3.5435e-01
3.5641e-01
1.6382e-01
1.6953e-01
1.7403e-01
1.8694e-01
1.3781e-01
1.4832e-01
1.5209e-01
1.5386e-01
1.5523e-01
1.5661e-01
1.5746e-01
1.5392e-01
2.1459e-01
2.1364e-01
1.5283e-01
1.5794e-01
1.6045e-01
1.5836e-01
3.5693e-01
3.5826e-01
1.6691e-01
1.7173e-01
1.7458e-01
1.8122e-01
1.9303e-01
2.0698e-01
1.5030e-01
1.5565e-01
1.5691e-01
1.5771e-01
1.5843e-01
1.5722e-01
1.5397e-01
1.5329e-01
1.5658e-01
1.5913e-01
1.6659e-01
1.6485e-01
3.5974e-01
3.6048e-01
1.6999e-01
1.7359e-01
1.7487e-01
1.7720e-01
1.8376e-01
1.9866e-01
1.4790e-01
1.5611e-01
1.5763e-01
1.5812e-01
1.5883e-01
1.5888e-01
1.5833e-01
1.5808e-01
1.5826e-01
1.5856e-01
1.6959e-01
1.6919e-01
1.6919e-01
1.7054e-01
1.7362e-01
1.7540e-01
1.7554e-01
1.7640e-01
1.8147e-01
1.9667e-01
1.4753e-01
1.5652e-01
1.5843e-01
1.5881e-01
1.5909e-01
1.5909e-01
1.5873e-01
1.5833e-01
1.5775e-01
1.5747e-01
1.7091e-01
1.7124e-01
1.7239e-01
1.7397e-01
1.7571e-01
1.7639e-01
1.7602e-01
1.7658e-01
1.8151e-01
1.9622e-01
1.4716e-01
1.5689e-01
1.5895e-01
1.5922e-01
1.5922e-01
1.5904e-01
1.5855e-01
1.5798e-01
1.5727e-01
1.5686e-01
